S.N.,Date,Open,High,Low,Ltp,% Change,Qty,Turnover
1,2026-02-04,"11,998.90","11,998.90","11,777.00","11,777.00",-0.28,60.00,"709,257.00"
2,2026-02-03,"11,925.00","11,925.00","11,810.00","11,810.00",0.28,35.00,"415,400.00"
3,2026-02-02,"11,536.60","12,000.00","11,536.60","11,777.00",0.04,105.00,"1,242,652.20"
4,2026-02-01,"11,705.00","12,000.00","11,705.00","11,772.00",0.57,283.00,"3,366,548.00"
5,2026-01-29,"11,566.00","11,944.00","11,566.00","11,705.20",-0.8,160.00,"1,882,725.00"
6,2026-01-28,"11,880.00","11,880.00","11,800.00","11,800.00",-0.17,100.00,"1,182,210.00"
7,2026-01-27,"11,810.00","12,000.00","11,800.10","11,820.00",0.08,100.00,"1,190,501.00"
8,2026-01-26,"11,921.00","12,248.90","11,810.00","11,810.00",-1.79,70.00,"833,109.00"
9,2026-01-25,"11,900.00","12,100.00","11,851.10","12,025.00",1.05,433.00,"5,197,318.00"
10,2026-01-22,"11,832.10","11,900.00","11,831.00","11,900.00",-1.24,59.00,"698,750.00"
11,2026-01-21,"11,840.00","12,050.00","11,840.00","12,050.00",1.26,30.00,"357,300.00"
12,2026-01-20,"12,100.00","12,100.00","11,900.00","11,900.00",-0.83,123.00,"1,472,261.00"
13,2026-01-18,"11,800.00","12,030.00","11,800.00","11,999.00",2.56,122.00,"1,456,618.00"
14,2026-01-14,"11,792.00","11,800.00","11,700.00","11,700.00",-0.78,30.00,"352,920.00"
15,2026-01-13,"11,796.00","12,031.90","11,792.00","11,792.00",1.96,136.00,"1,611,958.00"
16,2026-01-12,"11,801.10","11,820.00","11,565.10","11,565.10",-3.62,74.00,"870,723.00"
17,2026-01-08,"11,800.10","11,999.90","11,780.00","11,999.90",1.69,210.00,"2,496,850.00"
18,2026-01-07,"11,910.00","11,910.00","11,800.00","11,800.00",-2.88,217.00,"2,569,365.00"
19,2026-01-06,"12,100.00","12,150.00","12,100.00","12,150.00",0.94,30.00,"362,785.00"
20,2026-01-05,"12,037.00","12,037.00","12,037.00","12,037.00",2.0,20.00,"240,740.00"
21,2026-01-04,"11,800.00","11,850.00","11,800.00","11,801.00",0.01,81.00,"956,175.00"
22,2026-01-01,"12,240.00","12,240.00","11,800.00","11,800.00",-4.34,50.00,"602,455.00"
23,2025-12-31,"11,858.00","12,335.00","11,858.00","12,335.00",1.94,20.00,"241,930.00"
24,2025-12-29,"12,150.00","12,150.00","12,100.00","12,100.00",0.41,33.00,"400,007.00"
25,2025-12-28,"11,950.00","12,050.00","11,950.00","12,050.00",0.82,60.00,"719,500.00"
26,2025-12-24,"11,850.00","11,952.00","11,720.00","11,952.00",0.44,165.00,"1,952,341.50"
27,2025-12-23,"11,756.00","12,000.00","11,756.00","11,900.00",0.0,99.00,"1,181,298.00"
28,2025-12-22,"11,930.00","11,930.00","11,827.00","11,900.00",0.37,94.00,"1,118,665.00"
29,2025-12-21,"11,750.00","11,985.00","11,750.00","11,856.00",0.21,98.00,"1,162,269.50"
30,2025-12-18,"12,036.60","12,036.60","11,831.00","11,831.00",-1.71,38.00,"449,987.00"
31,2025-12-17,"12,199.00","12,200.00","11,800.60","12,036.60",0.31,166.00,"2,006,463.80"
32,2025-12-16,"12,000.00","12,000.00","11,880.00","12,000.00",0.04,57.00,"681,010.00"
33,2025-12-15,"11,761.00","11,995.20","11,760.00","11,995.20",-0.04,137.00,"1,618,149.40"
34,2025-12-14,"11,900.00","12,000.00","11,900.00","12,000.00",0.0,20.00,"239,000.00"
35,2025-12-10,"11,900.00","12,000.00","11,900.00","12,000.00",0.84,40.00,"477,000.00"
36,2025-12-09,"11,880.00","12,000.00","11,875.00","11,900.00",-0.39,64.00,"762,610.00"
37,2025-12-08,"12,190.00","12,190.00","11,946.20","11,946.20",-0.04,185.00,"2,218,391.00"
38,2025-12-07,"11,920.00","12,340.00","11,920.00","11,951.00",0.26,180.00,"2,179,843.00"
39,2025-12-03,"12,299.80","12,299.80","11,911.00","11,920.00",-1.49,145.00,"1,737,207.00"
40,2025-12-02,"11,870.00","12,138.10","11,864.00","12,100.00",1.68,209.00,"2,511,646.00"
41,2025-12-01,"11,900.00","12,090.00","11,900.00","11,900.10",0.0,144.00,"1,727,281.00"
42,2025-11-30,"11,950.10","12,000.00","11,702.00","11,900.00",-2.3,242.00,"2,882,040.00"
43,2025-11-27,"12,140.00","12,350.00","12,140.00","12,180.00",-0.16,377.00,"4,601,660.80"
44,2025-11-26,"12,230.10","12,351.00","12,200.00","12,200.00",-0.25,151.00,"1,848,526.20"
45,2025-11-25,"12,450.00","12,450.00","12,222.20","12,230.10",-0.57,200.00,"2,462,035.00"
46,2025-11-24,"12,250.10","12,470.00","12,250.00","12,300.00",-0.81,243.00,"2,994,661.00"
47,2025-11-23,"12,270.00","12,760.00","12,270.00","12,400.00",2.48,872.00,"10,906,803.00"
48,2025-11-20,"11,790.00","12,240.00","11,790.00","12,100.00",4.4,"1,320.00","15,960,116.00"
49,2025-11-19,"11,499.00","11,590.00","11,350.10","11,590.00",2.79,190.00,"2,183,686.00"
50,2025-11-18,"11,210.00","11,570.00","11,210.00","11,275.00",-1.1,171.00,"1,940,903.00"
51,2025-11-17,"11,350.00","11,570.00","11,350.00","11,400.00",1.15,295.00,"3,376,492.00"
52,2025-11-16,"10,997.90","11,550.00","10,997.90","11,270.00",4.35,670.00,"7,502,221.00"
53,2025-11-13,"10,800.00","11,000.00","10,780.10","10,800.00",0.0,247.00,"2,688,465.00"
54,2025-11-12,"10,900.00","10,900.00","10,800.00","10,800.00",-0.92,90.00,"976,752.00"
55,2025-11-11,"10,701.00","10,990.00","10,701.00","10,900.00",0.0,90.00,"982,860.00"
56,2025-11-10,"11,073.00","11,073.00","10,830.00","10,900.00",0.37,60.00,"655,821.00"
57,2025-11-09,"11,010.00","11,019.00","10,800.00","10,860.00",-1.27,192.00,"2,096,112.00"
58,2025-11-06,"11,188.70","11,188.80","10,871.00","11,000.00",-0.67,180.00,"1,983,042.00"
59,2025-11-05,"10,900.00","11,074.70","10,900.00","11,074.70",3.38,124.00,"1,365,258.00"
60,2025-11-04,"10,900.00","11,099.90","10,700.00","10,713.00",-1.61,130.00,"1,412,382.00"
61,2025-11-03,"11,001.00","11,001.00","10,888.00","10,888.00",-1.02,55.00,"602,795.00"
62,2025-11-02,"11,000.00","11,194.90","10,852.00","11,000.00",0.0,134.00,"1,478,029.00"
63,2025-10-30,"10,890.00","11,000.00","10,760.10","11,000.00",1.01,91.00,"996,724.10"
64,2025-10-29,"11,099.90","11,099.90","10,890.10","10,890.10",-1.89,23.00,"252,940.00"
65,2025-10-28,"10,800.00","11,099.90","10,780.00","11,099.90",0.94,150.00,"1,641,257.00"
66,2025-10-26,"11,195.00","11,195.00","10,660.00","10,996.90",-0.91,170.00,"1,847,407.00"
67,2025-10-19,"10,690.00","11,098.00","10,690.00","11,098.00",1.74,30.00,"324,780.00"
68,2025-10-16,"10,800.00","10,908.00","10,700.00","10,908.00",1.93,80.00,"861,470.00"
69,2025-10-15,"10,924.30","10,924.30","10,701.00","10,701.00",-0.08,100.00,"1,076,613.00"
70,2025-10-14,"10,913.00","10,914.00","10,710.10","10,710.10",0.09,40.00,"434,371.00"
71,2025-10-13,"11,000.00","11,300.00","10,666.10","10,700.00",-1.65,"1,238.00","13,625,985.00"
72,2025-10-12,"11,001.10","11,100.00","10,810.00","10,880.00",-2.86,190.00,"2,080,691.00"
73,2025-10-09,"11,130.20","11,299.00","10,951.00","11,200.00",2.64,170.00,"1,900,872.00"
74,2025-10-08,"11,111.10","11,130.00","10,900.00","10,912.00",-3.69,200.00,"2,201,841.00"
75,2025-10-07,"11,526.00","11,526.00","11,195.00","11,330.00",0.27,160.00,"1,816,665.00"
76,2025-09-28,"11,212.00","11,520.00","11,212.00","11,300.00",0.78,222.00,"2,526,487.00"
77,2025-09-25,"10,979.00","11,420.00","10,979.00","11,212.00",0.11,80.00,"897,415.00"
78,2025-09-24,"11,200.00","11,600.00","11,115.00","11,200.00",0.0,515.00,"5,786,670.00"
79,2025-09-23,"11,220.00","11,220.00","11,111.00","11,200.00",1.81,188.00,"2,105,187.20"
80,2025-09-21,"10,997.60","11,220.00","10,900.00","11,000.66",-1.97,523.00,"5,769,884.00"
81,2025-09-18,"11,222.00","11,222.00","11,222.00","11,222.00",-2.0,17.00,"190,774.00"
82,2025-09-08,"11,550.00","11,550.00","11,450.00","11,451.00",-0.86,93.00,"1,070,860.00"
83,2025-09-07,"11,500.00","11,550.00","11,500.00","11,550.00",0.04,51.00,"586,815.00"
84,2025-09-04,"11,700.00","11,700.00","11,500.00","11,545.00",-1.24,263.00,"3,033,742.00"
85,2025-09-03,"11,600.00","11,750.00","11,600.00","11,689.50",0.24,122.00,"1,425,591.00"
86,2025-09-02,"11,800.00","11,950.00","11,660.00","11,661.33",-2.01,350.00,"4,111,193.00"
87,2025-09-01,"11,900.10","11,900.10","11,850.00","11,900.00",0.0,100.00,"1,188,701.00"
88,2025-08-31,"12,151.00","12,151.00","11,850.00","11,900.00",-0.42,95.00,"1,136,180.00"
89,2025-08-28,"12,000.00","12,099.00","11,880.00","11,950.00",-0.34,130.00,"1,552,782.50"
90,2025-08-27,"11,850.00","12,000.00","11,850.00","11,990.86",-0.06,401.00,"4,785,482.00"
91,2025-08-26,"11,900.00","12,000.00","11,900.00","11,998.33",0.83,160.00,"1,912,100.00"
92,2025-08-25,"12,000.00","12,000.00","11,850.00","11,900.00",-1.65,443.00,"5,273,376.00"
93,2025-08-24,"12,100.00","12,100.00","12,000.00","12,100.00",-0.1,167.00,"2,008,301.00"
94,2025-08-21,"12,201.00","12,250.00","12,012.00","12,111.68",-0.63,257.00,"3,113,425.00"
95,2025-08-20,"12,348.00","12,348.00","12,170.10","12,188.80",-0.5,130.00,"1,591,973.00"
96,2025-08-19,"12,233.00","12,328.00","12,233.00","12,250.00",2.08,170.00,"2,085,490.00"
97,2025-08-18,"12,200.00","12,399.00","12,000.00","12,000.00",-1.34,355.00,"4,286,780.00"
98,2025-08-17,"12,300.00","12,494.00","12,000.00","12,162.52",-3.04,"1,180.00","14,286,534.30"
99,2025-08-14,"12,563.75","12,649.00","12,410.00","12,543.29",-0.16,209.00,"2,618,601.00"
100,2025-08-13,"12,500.00","12,590.00","12,500.00","12,563.75",-0.29,105.00,"1,318,100.00"
101,2025-08-12,"12,500.00","12,600.00","12,405.00","12,600.00",0.42,140.00,"1,752,080.00"
102,2025-08-11,"12,779.00","12,780.00","12,540.00","12,546.70",0.13,211.00,"2,659,418.00"
103,2025-08-07,"12,740.00","12,740.00","12,510.00","12,530.10",-0.95,60.00,"756,401.00"
104,2025-08-06,"12,560.00","12,680.00","12,560.00","12,650.00",0.5,80.00,"1,010,080.00"
105,2025-08-05,"12,690.00","12,780.00","12,561.00","12,587.37",-0.89,185.00,"2,333,840.00"
106,2025-08-04,"12,700.00","12,740.00","12,500.00","12,700.25",-0.08,323.00,"4,071,290.00"
107,2025-08-03,"12,750.00","12,784.00","12,680.10","12,710.05",-0.31,180.00,"2,289,081.00"
108,2025-07-31,"12,832.00","12,861.00","12,701.00","12,750.00",-1.09,272.00,"3,472,930.00"
109,2025-07-30,"12,900.00","13,085.00","12,840.00","12,890.50",-0.07,383.00,"4,962,941.00"
110,2025-07-29,"13,096.00","13,159.00","12,899.00","12,899.50",-0.76,437.00,"5,704,249.00"
111,2025-07-28,"12,940.00","13,050.00","12,615.00","12,998.50",0.37,665.00,"8,461,753.00"
112,2025-07-27,"13,100.00","13,205.00","12,900.00","12,950.00",-0.03,479.00,"6,235,400.00"
113,2025-07-24,"13,100.00","13,100.00","12,950.00","12,953.40",-1.31,225.00,"2,924,929.00"
114,2025-07-23,"13,200.00","13,200.00","12,889.00","13,125.00",-0.07,220.00,"2,871,460.00"
115,2025-07-22,"13,050.00","13,198.90","12,800.00","13,133.58",2.61,720.00,"9,407,597.00"
116,2025-07-21,"12,855.50","12,949.00","12,700.00","12,800.00",-0.43,193.00,"2,469,000.40"
117,2025-07-20,"13,100.00","13,100.00","12,800.00","12,855.50",-0.12,639.00,"8,293,587.00"
118,2025-07-17,"12,900.00","12,900.00","12,735.00","12,871.57",0.56,291.00,"3,734,583.00"
119,2025-07-16,"12,790.00","12,880.00","12,400.90","12,800.00",1.19,219.00,"2,766,032.60"
120,2025-07-15,"12,599.90","12,650.00","12,595.00","12,650.00",1.16,100.00,"1,260,818.00"
121,2025-07-14,"12,749.00","12,790.00","12,505.00","12,505.00",-0.6,220.00,"2,786,699.00"
122,2025-07-13,"12,829.00","12,830.00","12,580.00","12,580.00",-0.06,250.00,"3,165,034.50"
123,2025-07-10,"12,629.70","12,629.70","12,506.00","12,587.50",1.51,211.00,"2,654,946.00"
124,2025-07-09,"12,337.00","12,400.00","12,337.00","12,400.00",0.56,40.00,"495,370.00"
125,2025-07-08,"12,320.00","12,331.10","12,320.00","12,331.10",-0.56,20.00,"246,511.00"
126,2025-07-07,"12,600.00","12,630.00","12,400.00","12,401.00",-1.44,292.00,"3,651,504.00"
127,2025-07-06,"12,470.00","12,622.90","12,470.00","12,582.50",1.16,385.00,"4,825,024.60"
128,2025-07-03,"12,400.00","12,439.90","12,260.00","12,438.22",0.31,240.00,"2,964,640.00"
129,2025-07-02,"12,260.30","12,400.00","12,260.30","12,400.00",1.14,185.00,"2,280,721.00"
130,2025-07-01,"12,289.80","12,469.60","12,050.00","12,260.30",-0.24,180.00,"2,207,663.00"
131,2025-06-30,"12,449.00","12,454.00","12,050.00","12,289.80",0.65,743.00,"9,071,218.00"
132,2025-06-29,"12,210.00","12,440.00","12,202.50","12,210.30",-0.68,110.00,"1,352,558.00"
133,2025-06-26,"12,301.20","12,400.00","12,290.00","12,294.24",-0.59,434.00,"5,340,646.00"
134,2025-06-25,"12,549.00","12,700.00","12,328.40","12,366.66",0.49,361.00,"4,481,979.60"
135,2025-06-24,"12,310.00","12,495.00","12,300.00","12,306.75",-0.08,152.00,"1,872,671.00"
136,2025-06-23,"12,325.00","12,325.00","12,315.10","12,316.80",-0.07,71.00,"874,502.00"
137,2025-06-22,"12,350.00","12,350.00","12,260.00","12,325.00",-1.28,190.00,"2,336,431.00"
138,2025-06-19,"12,460.00","12,501.00","12,460.00","12,485.00",0.06,60.00,"748,300.00"
139,2025-06-18,"12,500.50","12,500.50","12,450.00","12,478.00",-1.72,90.00,"1,122,808.00"
140,2025-06-17,"12,518.00","12,699.00","12,518.00","12,696.84",1.44,194.00,"2,451,901.00"
141,2025-06-16,"12,700.00","12,700.00","12,452.20","12,517.10",-0.6,113.00,"1,430,319.00"
142,2025-06-15,"12,401.10","12,619.90","12,400.00","12,593.00",0.41,155.00,"1,936,955.00"
143,2025-06-12,"12,699.00","12,750.00","12,390.00","12,542.00",0.74,299.00,"3,747,950.00"
144,2025-06-11,"12,458.90","12,458.90","12,450.00","12,450.00",-0.07,26.00,"322,889.00"
145,2025-06-10,"12,658.00","12,691.00","12,438.20","12,458.90",0.39,110.00,"1,385,319.00"
146,2025-06-09,"12,694.00","12,694.00","12,410.00","12,410.00",-0.88,175.00,"2,187,850.00"
147,2025-06-08,"12,590.00","12,590.00","12,501.00","12,520.00",-1.01,60.00,"751,350.00"
148,2025-06-05,"12,301.00","12,648.00","12,301.00","12,648.00",1.25,140.00,"1,747,700.00"
149,2025-06-04,"12,580.00","12,668.00","12,490.00","12,491.50",-0.47,255.00,"3,193,465.00"
150,2025-06-03,"12,770.00","12,770.00","12,550.00","12,550.42",-0.67,90.00,"1,131,732.00"
151,2025-06-02,"12,760.00","12,780.00","12,500.00","12,635.50",0.28,280.00,"3,526,380.00"
152,2025-05-28,"12,500.00","12,600.00","12,500.00","12,600.00",-0.17,60.00,"753,050.00"
153,2025-05-27,"12,600.00","12,645.00","12,600.00","12,622.00",-0.2,60.00,"756,890.00"
154,2025-05-26,"12,425.00","12,679.80","12,425.00","12,647.90",0.7,266.00,"3,337,600.00"
155,2025-05-25,"12,700.00","12,700.00","12,560.00","12,560.00",0.07,60.00,"756,850.00"
156,2025-05-22,"12,500.00","12,700.00","12,500.00","12,550.98",-0.52,151.00,"1,896,076.00"
157,2025-05-21,"12,830.00","12,834.60","12,611.00","12,616.00",0.26,150.00,"1,902,561.00"
158,2025-05-20,"12,500.00","12,649.00","12,500.00","12,583.00",1.07,60.00,"753,980.00"
159,2025-05-19,"12,467.06","12,699.70","12,450.00","12,450.00",-0.14,116.00,"1,452,019.10"
160,2025-05-18,"12,810.00","12,810.00","12,305.00","12,467.06",-0.74,318.00,"3,951,937.00"
161,2025-05-15,"12,650.00","12,650.00","12,560.00","12,560.00",-1.1,56.00,"704,500.00"
162,2025-05-14,"12,751.60","12,751.60","12,650.00","12,700.00",1.58,40.00,"508,532.00"
163,2025-05-13,"12,693.00","12,900.00","12,502.00","12,502.00",-1.5,157.00,"1,985,993.00"
164,2025-05-11,"12,800.00","12,829.00","12,610.00","12,693.00",0.89,250.00,"3,174,140.00"
165,2025-05-08,"13,000.00","13,000.00","12,510.00","12,580.71",-1.33,491.00,"6,201,915.00"
166,2025-05-07,"12,713.50","12,751.00","12,713.50","12,750.16",0.29,70.00,"892,145.00"
167,2025-05-06,"12,850.00","12,850.00","12,713.00","12,713.50",0.9,90.00,"1,146,540.00"
168,2025-05-05,"12,603.00","12,821.60","12,570.20","12,600.00",-1.77,220.00,"2,786,634.00"
169,2025-05-04,"12,680.00","12,880.00","12,680.00","12,826.66",0.77,90.00,"1,154,080.00"
170,2025-04-30,"12,737.00","12,827.00","12,700.00","12,729.20",-0.06,205.00,"2,608,910.00"
171,2025-04-29,"12,913.00","12,913.00","12,652.00","12,737.11",-2.77,396.00,"5,069,993.00"
172,2025-04-28,"12,920.00","13,100.00","12,920.00","13,100.00",1.79,30.00,"391,200.00"
173,2025-04-27,"12,900.00","13,000.00","12,870.00","12,870.00",-0.16,57.00,"735,870.00"
174,2025-04-24,"13,000.00","13,000.00","12,890.00","12,890.05",-0.54,202.00,"2,611,241.00"
175,2025-04-23,"12,970.00","13,099.00","12,950.00","12,960.00",0.0,163.00,"2,119,319.00"
176,2025-04-22,"13,000.00","13,250.00","12,857.70","12,960.00",-0.35,204.00,"2,654,836.00"
177,2025-04-21,"13,021.10","13,021.10","13,001.00","13,005.50",-0.28,275.00,"3,578,044.50"
178,2025-04-20,"13,299.00","13,299.00","13,041.50","13,041.50",-0.79,74.00,"970,346.00"
179,2025-04-17,"13,113.00","13,150.00","13,100.00","13,145.40",0.25,120.00,"1,575,700.00"
180,2025-04-16,"13,012.00","13,114.00","13,011.00","13,113.00",-1.0,75.00,"981,465.00"
181,2025-04-15,"13,349.00","13,349.00","13,000.00","13,246.00",0.95,110.00,"1,443,922.00"
182,2025-04-13,"13,214.00","13,214.00","13,110.00","13,121.00",-0.7,30.00,"394,450.00"
183,2025-04-10,"13,425.00","13,425.00","13,200.00","13,213.33",0.1,120.00,"1,593,920.00"
184,2025-04-09,"13,350.00","13,550.00","13,200.00","13,200.00",0.49,330.00,"4,401,719.00"
185,2025-04-08,"13,200.00","13,200.00","12,900.00","13,135.00",0.42,80.00,"1,046,450.00"
186,2025-04-07,"13,250.00","13,250.00","12,985.00","13,080.00",-0.19,210.00,"2,736,350.00"
187,2025-04-03,"13,260.00","13,260.00","13,105.00","13,105.50",0.01,85.00,"1,120,770.00"
188,2025-04-02,"13,216.00","13,340.00","13,101.00","13,104.00",-0.84,125.00,"1,651,209.00"
189,2025-04-01,"13,188.00","13,290.00","13,100.00","13,215.50",0.21,80.00,"1,054,710.00"
190,2025-03-30,"13,199.00","13,400.00","13,150.00","13,187.50",0.82,280.00,"3,711,155.00"
191,2025-03-27,"13,080.00","13,100.00","13,050.00","13,080.00",-0.01,98.00,"1,282,100.00"
192,2025-03-26,"12,800.00","13,100.00","12,800.00","13,081.45",1.02,223.00,"2,904,710.00"
193,2025-03-25,"13,000.00","13,000.00","12,700.00","12,949.00",-0.49,"1,635.00","20,838,349.00"
194,2025-03-24,"13,198.00","13,199.00","13,000.00","13,012.50",0.26,80.00,"1,046,350.00"
195,2025-03-23,"13,100.00","13,215.00","12,956.00","12,978.50",-1.75,160.00,"2,084,516.00"
196,2025-03-20,"13,151.00","13,222.00","13,151.00","13,209.00",-0.3,90.00,"1,187,110.00"
197,2025-03-19,"13,223.00","13,249.00","13,183.00","13,249.00",0.29,140.00,"1,849,378.00"
198,2025-03-18,"13,390.00","13,390.00","13,186.00","13,211.00",-0.37,59.00,"783,044.00"
199,2025-03-17,"13,052.00","13,300.00","13,052.00","13,260.00",1.92,90.00,"1,184,940.00"
200,2025-03-16,"13,200.00","13,200.00","13,000.00","13,010.00",-1.44,250.00,"3,263,463.00"
201,2025-03-12,"13,250.00","13,250.00","13,200.00","13,200.00",0.23,50.00,"660,700.00"
202,2025-03-11,"13,351.00","13,351.00","13,170.00","13,170.00",-0.98,80.00,"1,062,631.00"
203,2025-03-10,"13,350.00","13,578.00","13,300.00","13,300.00",0.71,151.00,"2,013,589.00"
204,2025-03-09,"13,670.00","13,670.00","13,150.00","13,206.00",-1.46,271.00,"3,604,461.00"
205,2025-03-06,"13,942.00","13,943.00","13,400.10","13,402.00",-1.96,120.00,"1,627,122.00"
206,2025-03-05,"13,720.00","13,800.00","13,500.10","13,670.00",-0.36,250.00,"3,404,602.00"
207,2025-03-04,"14,380.00","14,382.00","13,720.00","13,720.00",-2.7,749.00,"10,498,280.80"
208,2025-03-03,"14,110.00","14,680.00","13,870.00","14,100.00",1.88,830.00,"11,776,067.50"
209,2025-03-02,"13,900.00","13,930.00","13,710.00","13,840.00",1.02,445.00,"6,148,972.00"
210,2025-02-27,"13,207.00","13,700.00","13,207.00","13,700.00",3.75,671.00,"9,026,016.00"
211,2025-02-25,"13,400.00","13,500.00","13,200.00","13,205.00",-0.82,449.00,"5,970,335.00"
212,2025-02-24,"13,407.90","13,599.00","13,101.00","13,314.00",1.29,140.00,"1,876,353.00"
213,2025-02-23,"13,100.00","13,616.00","13,100.00","13,145.00",-0.04,562.00,"7,432,332.00"
214,2025-02-20,"13,205.00","13,205.00","13,100.00","13,150.00",-0.38,252.00,"3,313,322.00"
215,2025-02-18,"13,250.00","13,250.00","13,005.00","13,200.00",-0.07,340.00,"4,459,019.00"
216,2025-02-17,"13,265.10","13,350.00","13,016.00","13,209.90",1.58,215.00,"2,829,309.00"
217,2025-02-16,"12,979.10","13,504.00","12,979.00","13,005.00",-1.8,275.00,"3,614,649.00"
218,2025-02-13,"13,152.00","13,243.00","13,000.00","13,243.00",0.7,495.00,"6,467,771.00"
219,2025-02-12,"13,035.00","13,300.00","13,020.00","13,151.20",-0.97,390.00,"5,126,971.00"
220,2025-02-11,"13,500.00","13,500.00","13,230.00","13,280.00",-1.63,420.00,"5,577,646.00"
221,2025-02-10,"13,464.00","13,500.00","13,171.20","13,500.00",0.27,480.00,"6,377,310.00"
222,2025-02-09,"13,535.50","13,535.50","13,450.00","13,464.00",-0.27,164.00,"2,210,811.00"
223,2025-02-06,"13,650.00","13,789.00","13,500.00","13,501.00",-1.09,101.00,"1,372,310.00"
224,2025-02-05,"13,750.00","13,800.00","13,600.00","13,650.00",0.0,188.00,"2,576,820.00"
225,2025-02-04,"13,601.00","13,650.00","13,600.00","13,650.00",-1.29,110.00,"1,497,771.00"
226,2025-02-03,"14,000.00","14,191.00","13,700.00","13,829.00",0.65,220.00,"3,059,270.00"
227,2025-02-02,"13,620.00","13,798.00","13,500.00","13,739.90",0.37,510.00,"6,939,959.00"
228,2025-01-28,"13,600.00","13,950.00","13,460.00","13,689.90",2.32,270.00,"3,684,671.00"
229,2025-01-27,"13,770.00","13,770.00","13,353.00","13,380.00",-0.89,443.00,"5,950,556.00"
230,2025-01-26,"13,500.10","13,740.00","13,500.00","13,500.00",0.0,130.00,"1,761,312.00"
231,2025-01-23,"13,750.00","13,800.00","13,500.00","13,500.00",-0.38,314.00,"4,262,036.00"
232,2025-01-22,"13,700.00","13,900.00","13,551.00","13,551.10",-0.75,110.00,"1,510,891.00"
233,2025-01-21,"14,250.00","14,250.00","13,654.00","13,654.00",-3.85,140.00,"1,966,161.00"
234,2025-01-20,"14,076.00","14,600.00","14,000.00","14,200.00",2.9,490.00,"7,007,537.00"
235,2025-01-19,"13,202.00","13,993.30","13,200.00","13,800.00",4.54,210.00,"2,856,476.00"
236,2025-01-16,"13,600.00","13,600.00","13,201.00","13,201.00",-1.12,95.00,"1,269,843.00"
237,2025-01-15,"13,463.90","13,691.90","13,351.00","13,351.00",1.14,237.00,"3,182,910.00"
238,2025-01-13,"13,250.00","13,250.00","13,200.00","13,200.00",-2.33,25.00,"330,750.00"
239,2025-01-12,"13,500.00","13,515.00","13,250.00","13,515.00",0.11,260.00,"3,470,258.00"
240,2025-01-09,"13,470.00","13,700.00","13,470.00","13,500.00",0.07,90.00,"1,217,051.00"
241,2025-01-08,"13,500.00","13,500.00","13,338.20","13,490.00",-0.07,50.00,"670,064.00"
242,2025-01-07,"13,950.00","13,995.00","13,477.00","13,500.00",-1.82,291.00,"3,938,905.00"
243,2025-01-06,"13,510.10","13,750.00","13,250.00","13,750.00",3.81,173.00,"2,344,054.00"
244,2025-01-05,"13,715.10","13,715.10","13,245.20","13,245.20",-5.36,229.00,"3,088,591.50"
245,2025-01-02,"13,700.00","13,995.00","13,200.00","13,995.00",3.44,322.00,"4,423,329.00"
246,2025-01-01,"13,005.00","13,530.00","13,005.00","13,530.00",6.12,30.00,"398,000.00"
247,2024-12-31,"14,015.00","14,100.00","12,750.00","12,750.00",-9.25,"2,370.00","31,655,464.00"
248,2024-12-29,"14,051.00","14,490.00","14,021.00","14,050.00",-0.01,392.00,"5,545,831.00"
249,2024-12-26,"14,280.00","14,300.00","14,051.00","14,051.00",0.36,295.00,"4,196,874.00"
250,2024-12-24,"14,399.70","14,399.70","14,000.00","14,000.20",-1.41,449.00,"6,342,858.00"
251,2024-12-23,"13,981.10","14,470.00","13,981.10","14,200.00",0.0,198.00,"2,820,789.30"
252,2024-12-22,"13,951.00","14,230.00","13,951.00","14,200.00",1.43,307.00,"4,349,721.50"
253,2024-12-19,"14,050.00","14,100.00","13,961.30","14,000.00",-0.36,252.00,"3,527,962.00"
254,2024-12-18,"14,298.90","14,299.00","14,050.00","14,050.00",0.0,216.00,"3,045,170.10"
255,2024-12-17,"14,120.20","14,130.00","14,050.00","14,050.00",-2.43,505.00,"7,128,604.00"
256,2024-12-16,"14,141.20","14,400.00","14,105.10","14,400.00",-0.17,196.00,"2,780,100.00"
257,2024-12-12,"14,215.00","14,425.00","14,160.20","14,425.00",-0.16,231.00,"3,290,851.20"
258,2024-12-11,"14,150.00","14,490.00","14,150.00","14,448.00",2.11,520.00,"7,430,185.00"
259,2024-12-10,"14,031.00","14,150.00","14,031.00","14,150.00",0.92,99.00,"1,393,453.00"
260,2024-12-09,"14,020.00","14,280.00","14,020.00","14,021.00",0.01,422.00,"5,953,943.50"
261,2024-12-08,"14,535.00","14,535.00","14,020.00","14,020.00",-1.61,612.00,"8,607,178.00"
262,2024-12-05,"14,250.20","14,535.00","14,250.00","14,250.00",0.0,184.00,"2,646,294.60"
263,2024-12-04,"14,122.00","14,250.00","14,117.00","14,250.00",0.35,180.00,"2,543,432.00"
264,2024-12-03,"14,300.70","14,300.70","14,178.70","14,200.70",-0.69,342.00,"4,873,712.20"
265,2024-12-02,"14,186.00","14,600.00","14,186.00","14,300.00",-1.21,262.00,"3,785,538.00"
266,2024-12-01,"14,600.00","14,600.00","13,993.50","14,475.00",-0.65,420.00,"5,989,287.00"
267,2024-11-28,"14,616.00","14,616.70","14,549.90","14,570.00",1.67,320.00,"4,670,627.00"
268,2024-11-27,"14,351.40","14,880.00","14,250.00","14,330.00",1.85,348.00,"5,057,870.00"
269,2024-11-26,"14,289.90","14,289.90","14,055.00","14,070.00",-0.84,83.00,"1,172,358.90"
270,2024-11-25,"14,229.00","14,229.00","13,950.00","14,189.50",1.72,616.00,"8,604,544.00"
271,2024-11-24,"14,157.60","14,157.60","13,900.00","13,950.00",0.5,110.00,"1,533,397.00"
272,2024-11-21,"14,063.00","14,300.00","13,880.00","13,880.00",-3.28,530.00,"7,453,662.00"
273,2024-11-20,"14,015.00","14,400.00","14,015.00","14,350.00",0.34,321.00,"4,586,569.00"
274,2024-11-19,"14,205.00","14,489.00","14,205.00","14,301.00",-1.05,384.00,"5,498,455.00"
275,2024-11-17,"14,911.00","14,911.00","14,416.00","14,453.20",-1.34,396.00,"5,769,590.80"
276,2024-11-14,"14,698.00","14,698.00","14,420.00","14,649.00",1.65,270.00,"3,947,020.00"
277,2024-11-13,"14,820.00","14,820.00","14,410.00","14,411.00",-2.86,213.00,"3,081,938.60"
278,2024-11-12,"14,999.00","14,999.00","14,835.00","14,835.00",0.13,50.00,"746,680.00"
279,2024-11-11,"15,289.70","15,289.70","14,816.00","14,816.00",-1.22,128.00,"1,927,080.00"
280,2024-11-10,"14,599.00","14,999.00","14,539.00","14,999.00",4.16,319.00,"4,684,097.00"
281,2024-11-06,"14,400.00","14,400.00","14,400.00","14,400.00",-0.58,20.00,"288,000.00"
282,2024-11-05,"14,200.00","14,484.00","14,200.00","14,484.00",0.56,38.00,"544,640.00"
283,2024-10-30,"14,600.00","14,800.00","14,404.00","14,404.00",-1.34,180.00,"2,615,464.00"
284,2024-10-29,"14,633.90","14,633.90","14,599.00","14,600.00",1.76,40.00,"584,329.00"
285,2024-10-28,"14,250.00","14,347.00","14,152.00","14,347.00",0.68,80.00,"1,138,963.00"
286,2024-10-27,"14,320.00","14,398.00","14,250.00","14,250.00",-0.97,100.00,"1,433,110.00"
287,2024-10-24,"14,225.00","14,484.00","14,200.10","14,389.00",0.27,60.00,"856,987.00"
288,2024-10-23,"14,150.10","14,350.00","14,112.00","14,350.00",-0.35,119.00,"1,692,503.00"
289,2024-10-22,"14,200.00","14,400.00","14,200.00","14,400.00",-0.33,91.00,"1,302,285.50"
290,2024-10-21,"14,650.00","14,650.00","14,358.60","14,448.00",-1.48,148.00,"2,134,411.00"
291,2024-10-20,"14,820.00","14,824.50","14,100.00","14,665.00",-1.91,315.00,"4,549,967.00"
292,2024-10-17,"14,802.00","14,950.00","14,586.00","14,950.00",-0.66,166.00,"2,447,676.00"
293,2024-10-16,"14,998.90","15,049.00","14,998.90","15,049.00",1.68,64.00,"961,103.00"
294,2024-10-15,"14,700.00","14,800.00","14,530.00","14,800.00",0.68,70.00,"1,026,130.00"
295,2024-10-09,"14,794.00","14,900.00","14,700.00","14,700.00",1.35,40.00,"591,880.00"
296,2024-10-08,"15,120.00","15,120.00","14,504.00","14,504.00",-5.88,339.00,"5,038,283.00"
297,2024-10-07,"15,492.00","15,492.00","15,110.10","15,410.00",1.46,177.00,"2,687,260.00"
298,2024-10-06,"15,100.00","15,247.00","14,900.00","15,189.00",0.59,130.00,"1,968,339.00"
299,2024-10-02,"15,338.70","15,338.70","14,809.00","15,100.00",0.41,230.00,"3,440,325.50"
300,2024-10-01,"14,205.00","15,620.00","14,200.00","15,038.00",5.9,408.00,"6,101,080.00"
301,2024-09-30,"13,950.00","14,200.00","13,900.00","14,200.00",1.79,170.00,"2,388,800.00"
302,2024-09-29,"14,000.10","14,229.00","13,945.00","13,950.00",-1.41,300.00,"4,212,664.00"
303,2024-09-26,"14,178.90","14,279.90","13,901.00","14,150.00",1.06,340.00,"4,787,826.70"
304,2024-09-25,"13,999.00","14,120.00","13,902.00","14,001.00",2.01,170.00,"2,386,468.00"
305,2024-09-24,"13,712.00","13,960.00","13,700.00","13,725.00",-1.65,317.00,"4,356,345.00"
306,2024-09-23,"14,425.00","14,450.00","13,921.10","13,955.00",-3.25,194.00,"2,743,687.40"
307,2024-09-22,"14,737.00","14,737.00","14,170.10","14,424.00",-0.17,190.00,"2,733,567.00"
308,2024-09-18,"14,400.00","14,448.80","14,176.10","14,448.80",0.53,171.00,"2,447,689.60"
309,2024-09-16,"14,598.10","14,628.90","14,350.00","14,372.10",-3.52,170.00,"2,450,884.00"
310,2024-09-15,"15,230.00","15,230.00","14,646.10","14,896.00",-0.29,279.00,"4,174,184.00"
311,2024-09-12,"14,850.00","14,943.00","14,600.00","14,940.00",1.98,225.00,"3,328,016.00"
312,2024-09-11,"14,822.80","14,836.00","14,530.50","14,650.00",0.69,135.00,"1,974,633.00"
313,2024-09-10,"14,739.00","14,874.90","14,444.30","14,550.00",0.69,170.00,"2,480,184.00"
314,2024-09-09,"15,198.00","15,350.00","14,400.00","14,450.00",-3.02,300.00,"4,436,412.00"
315,2024-09-08,"15,300.00","15,300.00","14,900.00","14,900.00",-1.97,221.00,"3,343,896.00"
316,2024-09-05,"14,600.00","15,395.00","14,600.00","15,199.00",4.1,200.00,"3,006,517.00"
317,2024-09-04,"14,975.00","15,096.00","14,600.00","14,600.00",-3.29,450.00,"6,708,772.00"
318,2024-09-03,"15,147.00","15,599.00","14,800.00","15,096.00",1.66,466.00,"7,038,872.00"
319,2024-09-02,"14,968.30","15,170.00","14,669.00","14,850.00",1.19,558.00,"8,325,749.00"
320,2024-09-01,"14,904.00","15,100.00","14,652.00","14,675.00",-3.01,500.00,"7,403,431.00"
321,2024-08-29,"15,500.00","15,600.00","15,100.00","15,130.00",-1.11,190.00,"2,907,100.00"
322,2024-08-28,"15,291.00","15,500.00","15,200.00","15,300.00",0.13,467.00,"7,184,917.00"
323,2024-08-27,"15,666.00","15,666.00","15,150.10","15,280.00",-2.46,493.00,"7,565,245.30"
324,2024-08-25,"15,701.00","15,890.00","15,652.10","15,666.00",-1.47,350.00,"5,498,874.00"
325,2024-08-22,"16,320.00","16,320.00","15,750.00","15,900.00",-0.63,384.00,"6,105,535.00"
326,2024-08-21,"16,119.00","16,233.90","15,910.00","16,000.00",1.2,371.00,"5,949,613.00"
327,2024-08-18,"16,360.00","16,687.20","15,810.00","15,810.00",-1.46,373.00,"5,998,734.00"
328,2024-08-15,"16,200.00","16,999.90","16,043.60","16,043.60",-2.77,817.00,"13,342,851.50"
329,2024-08-14,"16,350.00","16,500.00","15,991.00","16,500.00",-1.08,964.00,"15,597,494.00"
330,2024-08-13,"16,753.30","17,099.00","16,667.00","16,680.00",-1.88,384.00,"6,430,960.80"
331,2024-08-12,"17,001.00","17,298.00","17,000.00","17,000.00",-0.47,995.00,"16,984,066.00"
332,2024-08-11,"16,932.00","17,523.00","16,857.20","17,080.00",2.89,"1,308.00","22,367,060.00"
333,2024-08-08,"16,551.00","17,129.90","15,900.00","16,600.00",0.3,914.00,"15,164,330.50"
334,2024-08-07,"15,979.30","16,695.00","15,700.20","16,551.00",5.65,911.00,"14,840,912.00"
335,2024-08-06,"16,999.00","17,000.00","15,560.00","15,666.00",-6.47,824.00,"13,365,580.00"
336,2024-08-05,"16,838.00","17,100.00","16,510.00","16,750.00",1.45,"1,263.00","21,370,334.00"
337,2024-08-01,"16,725.00","17,023.00","16,400.00","16,510.00",-1.08,"1,134.00","19,094,824.00"
338,2024-07-31,"17,400.00","17,400.00","16,660.00","16,691.00",-2.22,"1,804.00","30,270,964.00"
339,2024-07-30,"17,136.00","17,136.00","16,300.00","17,070.00",1.61,"1,071.00","17,884,443.00"
340,2024-07-29,"17,541.20","18,100.00","16,752.00","16,800.00",-6.14,"1,838.00","31,891,715.50"
341,2024-07-28,"17,440.90","18,100.00","16,701.00","17,899.00",4.68,"3,160.00","55,786,852.00"
342,2024-07-25,"16,740.20","17,748.00","16,405.40","17,099.00",4.19,"2,403.00","40,889,951.00"
343,2024-07-24,"15,218.00","16,412.00","14,900.00","16,412.00",10.0,"5,709.00","92,445,386.00"
344,2024-07-23,"14,185.10","15,195.00","14,001.00","14,920.00",7.28,"1,653.00","23,984,690.10"
345,2024-07-22,"13,900.00","14,285.00","13,729.80","13,907.00",-0.74,896.00,"12,532,296.50"
346,2024-07-21,"13,974.00","14,585.00","13,916.00","14,010.00",2.26,"2,031.00","29,013,221.90"
347,2024-07-18,"14,000.00","14,700.00","13,700.00","13,700.00",-1.44,661.00,"9,241,648.00"
348,2024-07-17,"13,260.00","14,076.00","13,260.00","13,900.00",4.83,"1,043.00","14,174,662.90"
349,2024-07-16,"12,800.30","13,259.90","12,800.10","13,259.90",2.0,823.00,"10,738,158.50"
350,2024-07-15,"13,000.00","13,050.00","12,800.00","13,000.00",0.0,181.00,"2,336,843.10"
351,2024-07-14,"12,546.00","13,099.00","12,546.00","13,000.00",5.69,675.00,"8,749,544.00"
352,2024-07-11,"12,712.00","12,848.00","12,300.00","12,300.00",-3.23,963.00,"12,138,750.00"
353,2024-07-10,"12,660.00","12,877.00","12,557.00","12,710.00",0.47,210.00,"2,675,170.00"
354,2024-07-09,"12,690.00","12,700.00","12,651.00","12,651.00",-0.39,120.00,"1,521,090.00"
355,2024-07-08,"12,879.00","12,900.00","12,675.10","12,700.00",0.0,430.00,"5,472,354.00"
356,2024-07-07,"12,750.00","12,820.00","12,700.00","12,700.00",0.0,670.00,"8,524,154.00"
357,2024-07-04,"12,750.00","12,755.00","12,672.00","12,700.00",-0.78,555.00,"7,057,087.00"
358,2024-07-03,"12,900.00","12,900.00","12,625.00","12,800.00",0.62,100.00,"1,269,051.00"
359,2024-07-02,"12,863.20","12,997.00","12,721.00","12,721.00",0.87,120.00,"1,545,908.00"
360,2024-07-01,"12,829.80","13,110.00","12,611.00","12,611.00",0.08,333.00,"4,301,547.00"
361,2024-06-30,"12,700.00","12,896.00","12,587.00","12,601.00",-0.78,302.00,"3,822,682.00"
362,2024-06-27,"12,680.00","12,702.00","12,644.00","12,700.00",-0.08,120.00,"1,520,970.00"
363,2024-06-26,"12,660.00","12,904.00","12,653.00","12,710.00",-0.43,130.00,"1,668,530.00"
364,2024-06-25,"12,900.00","12,900.00","12,765.00","12,765.00",0.67,50.00,"639,610.00"
365,2024-06-24,"12,954.00","12,954.00","12,670.10","12,680.00",-0.16,112.00,"1,431,281.00"
366,2024-06-23,"12,950.00","13,200.00","12,700.00","12,700.00",-0.1,220.00,"2,818,874.00"
367,2024-06-20,"12,800.00","12,998.00","12,682.00","12,713.00",-0.68,242.00,"3,088,437.60"
368,2024-06-19,"12,890.00","13,055.00","12,630.00","12,800.00",0.01,384.00,"4,931,764.20"
369,2024-06-18,"12,800.00","12,800.00","12,710.00","12,799.00",-0.01,140.00,"1,786,430.00"
370,2024-06-16,"12,800.00","12,800.00","12,700.00","12,800.00",-0.2,145.00,"1,846,203.00"
371,2024-06-13,"12,901.00","13,000.00","12,826.00","12,826.00",0.02,232.00,"2,988,150.00"
372,2024-06-12,"13,016.00","13,020.00","12,766.00","12,824.00",0.49,482.00,"6,228,147.90"
373,2024-06-11,"12,719.00","12,970.00","12,718.00","12,761.00",-0.32,553.00,"7,046,491.20"
374,2024-06-10,"12,998.00","13,000.00","12,752.00","12,802.00",0.41,325.00,"4,170,438.00"
375,2024-06-09,"12,853.00","13,000.00","12,750.00","12,750.00",-1.21,380.00,"4,870,056.00"
376,2024-06-06,"12,999.00","13,160.00","12,795.00","12,906.00",0.83,229.00,"2,965,481.00"
377,2024-06-05,"12,556.00","13,006.00","12,501.00","12,800.00",1.02,435.00,"5,573,005.00"
378,2024-06-04,"12,810.00","13,260.00","12,671.20","12,671.20",-1.85,164.00,"2,104,779.00"
379,2024-06-03,"13,000.00","13,000.00","12,910.20","12,910.20",-0.69,190.00,"2,462,142.00"
380,2024-06-02,"13,000.00","13,200.00","12,900.00","13,000.00",0.0,260.00,"3,374,503.00"
381,2024-05-30,"13,171.40","13,430.00","12,920.00","13,000.00",0.67,250.00,"3,273,054.00"
382,2024-05-29,"13,000.00","13,500.00","12,913.20","12,913.20",1.19,865.00,"11,395,662.90"
383,2024-05-27,"13,000.00","13,000.00","12,620.00","12,761.10",0.0,200.00,"2,557,858.00"
384,2024-05-26,"13,055.00","13,150.00","12,761.00","12,761.00",-0.3,165.00,"2,134,615.00"
385,2024-05-22,"12,800.00","12,800.00","12,601.00","12,800.00",0.0,465.00,"5,895,606.00"
386,2024-05-21,"12,903.00","13,100.00","12,700.00","12,800.00",1.19,671.00,"8,678,002.10"
387,2024-05-20,"12,800.00","13,288.00","12,650.00","12,650.00",-1.5,840.00,"10,842,095.00"
388,2024-05-19,"13,066.20","13,066.20","12,590.00","12,842.00",0.25,101.00,"1,295,408.00"
389,2024-05-16,"12,812.00","13,000.00","12,810.00","12,810.00",-1.46,160.00,"2,053,020.00"
390,2024-05-15,"12,964.90","13,224.30","12,800.00","13,000.00",2.27,350.00,"4,564,938.00"
391,2024-05-14,"12,524.40","12,985.00","12,524.40","12,711.00",-0.54,250.00,"3,191,840.00"
392,2024-05-13,"12,655.00","12,780.00","12,451.00","12,780.00",0.71,240.00,"3,013,190.00"
393,2024-05-12,"12,852.00","13,109.00","12,690.00","12,690.00",0.71,155.00,"1,986,624.00"
394,2024-05-09,"12,596.00","13,900.00","12,403.00","12,600.00",-1.97,700.00,"8,892,695.00"
395,2024-05-08,"12,930.00","13,296.00","12,838.00","12,853.00",-2.58,371.00,"4,782,784.70"
396,2024-05-07,"13,788.50","13,788.50","12,935.00","13,193.70",-6.23,480.00,"6,294,388.00"
397,2024-05-06,"13,000.00","14,069.80","12,300.00","14,069.80",9.03,890.00,"11,385,281.00"
398,2024-05-05,"13,345.00","13,345.00","12,861.00","12,905.00",-5.23,580.00,"7,567,723.00"
399,2024-05-02,"13,300.00","13,800.00","13,300.00","13,617.00",0.87,691.00,"9,344,171.10"
400,2024-04-30,"12,302.00","13,798.00","12,302.00","13,500.00",7.62,633.00,"8,467,461.00"
401,2024-04-29,"12,440.00","13,056.00","12,440.00","12,544.00",1.08,605.00,"7,678,794.00"
402,2024-04-28,"12,670.00","12,690.00","12,400.00","12,410.00",-0.72,190.00,"2,372,410.00"
403,2024-04-25,"12,488.00","12,500.00","12,312.00","12,500.00",-1.87,180.00,"2,243,892.00"
404,2024-04-24,"12,850.00","12,850.00","12,489.00","12,738.00",0.74,100.00,"1,264,781.00"
405,2024-04-22,"12,698.00","12,739.00","12,500.00","12,645.00",1.24,100.00,"1,267,090.00"
406,2024-04-21,"12,400.00","12,490.00","12,300.00","12,490.00",-0.39,845.00,"10,416,366.00"
407,2024-04-18,"12,553.00","12,685.00","12,250.00","12,539.00",-0.11,423.00,"5,252,260.00"
408,2024-04-16,"12,440.00","13,036.00","12,208.10","12,553.00",0.87,402.00,"5,066,525.20"
409,2024-04-15,"12,550.00","12,660.00","12,445.00","12,445.00",-2.62,235.00,"2,947,541.00"
410,2024-04-14,"12,956.00","12,956.00","12,601.30","12,780.00",0.61,109.00,"1,384,933.00"
411,2024-04-10,"13,130.00","13,130.00","12,650.20","12,702.00",-2.29,331.00,"4,238,282.00"
412,2024-04-09,"12,850.00","13,050.00","12,750.10","13,000.00",1.17,360.00,"4,648,566.00"
413,2024-04-07,"13,199.00","13,199.00","12,850.00","12,850.00",-1.14,140.00,"1,820,972.00"
414,2024-04-04,"12,801.50","13,056.00","12,800.00","12,998.00",1.55,197.00,"2,549,570.00"
415,2024-04-03,"13,430.00","13,430.00","12,800.00","12,800.00",-3.76,240.00,"3,148,290.00"
416,2024-04-02,"13,100.00","13,300.00","13,050.00","13,300.00",0.77,277.00,"3,620,735.00"
417,2024-04-01,"12,800.00","13,417.00","12,800.00","13,199.00",1.53,260.00,"3,442,679.00"
418,2024-03-31,"13,200.00","13,362.00","12,851.00","13,000.00",-0.76,445.00,"5,808,723.00"
419,2024-03-28,"13,330.00","13,496.00","13,100.00","13,100.00",-0.65,452.00,"5,973,416.00"
420,2024-03-27,"13,650.00","13,680.00","13,186.00","13,186.00",-3.04,190.00,"2,552,100.00"
421,2024-03-26,"13,999.00","14,050.00","13,600.00","13,600.00",-1.27,792.00,"10,952,827.00"
422,2024-03-25,"13,135.00","14,000.00","13,135.00","13,775.00",2.79,"1,958.00","26,773,385.00"
423,2024-03-21,"13,041.00","13,837.10","13,035.00","13,401.00",0.76,595.00,"8,057,367.00"
424,2024-03-20,"13,499.00","13,505.00","13,204.00","13,299.90",-0.75,236.00,"3,149,995.00"
425,2024-03-19,"13,411.00","13,770.00","13,133.00","13,400.00",-0.74,270.00,"3,627,753.00"
426,2024-03-18,"13,490.00","13,945.00","13,400.00","13,500.00",0.07,976.00,"13,189,895.00"
427,2024-03-17,"13,700.00","13,900.00","13,200.00","13,490.00",-1.53,694.00,"9,332,671.00"
428,2024-03-14,"13,920.00","13,983.00","13,679.00","13,700.00",-3.51,363.00,"5,009,858.00"
429,2024-03-13,"14,200.00","14,440.00","13,720.00","14,198.00",-1.74,645.00,"8,971,109.00"
430,2024-03-12,"14,550.00","14,650.00","14,063.00","14,449.00",0.45,677.00,"9,672,310.60"
431,2024-03-10,"14,280.00","14,565.00","13,829.20","14,384.00",2.74,484.00,"6,833,421.00"
432,2024-03-07,"14,926.00","14,926.00","13,725.00","14,000.00",-4.35,"2,237.00","31,524,240.30"
433,2024-03-06,"14,505.00","15,250.00","14,200.00","14,637.00",-1.1,"1,514.00","22,060,434.00"
434,2024-03-05,"16,017.60","16,017.60","14,781.00","14,800.00",-9.45,"1,766.00","26,929,806.10"
435,2024-03-04,"15,710.00","16,344.40","15,710.00","16,344.40",6.12,130.00,"2,105,014.00"
436,2024-03-03,"16,000.50","16,500.00","14,694.30","15,402.00",-5.67,"3,921.00","58,847,560.60"
437,2024-02-29,"16,467.50","17,508.00","16,050.30","16,327.00",1.13,"2,365.00","39,989,527.00"
438,2024-02-28,"14,970.50","16,144.70","14,406.00","16,144.70",10.0,"4,447.00","70,422,191.70"
439,2024-02-27,"13,760.00","14,677.00","13,500.00","14,677.00",8.72,"1,197.00","16,646,653.00"
440,2024-02-26,"13,872.00","14,130.00","13,323.10","13,500.00",-0.74,860.00,"11,726,125.00"
441,2024-02-25,"14,229.00","14,229.00","13,391.00","13,600.00",-2.51,"1,562.00","21,662,333.00"
442,2024-02-22,"13,400.00","14,025.00","13,200.00","13,950.00",5.73,"2,359.00","32,335,231.50"
443,2024-02-21,"12,230.00","13,194.70","12,220.00","13,194.00",9.99,"2,307.00","29,856,689.30"
444,2024-02-20,"11,999.00","12,240.00","11,960.10","11,995.20",-0.04,223.00,"2,705,244.30"
445,2024-02-18,"11,801.00","12,000.00","11,770.80","12,000.00",-0.09,241.00,"2,851,588.00"
446,2024-02-15,"12,100.00","12,240.00","12,000.00","12,011.00",0.09,124.00,"1,499,070.00"
447,2024-02-14,"12,000.00","12,000.00","12,000.00","12,000.00",-1.23,70.00,"840,000.00"
448,2024-02-13,"12,630.00","12,635.00","12,150.00","12,150.00",-1.92,230.00,"2,830,770.00"
449,2024-02-12,"12,340.00","12,389.00","12,340.00","12,388.00",2.38,30.00,"371,170.00"
450,2024-02-11,"12,191.20","12,300.00","12,100.00","12,100.00",-1.63,200.00,"2,429,158.00"
451,2024-02-08,"12,430.00","12,500.00","12,201.00","12,300.00",-1.13,97.00,"1,196,830.00"
452,2024-02-07,"12,060.00","12,440.00","12,060.00","12,440.00",1.15,215.00,"2,630,670.00"
453,2024-02-06,"12,000.00","12,299.00","12,000.00","12,299.00",0.94,150.00,"1,823,000.00"
454,2024-02-05,"12,100.00","12,185.00","12,000.00","12,185.00",1.54,130.00,"1,565,650.00"
455,2024-02-04,"11,700.00","12,172.60","11,700.00","12,000.00",0.84,40.00,"478,066.00"
456,2024-02-01,"11,950.00","12,135.00","11,900.00","11,900.00",-0.83,150.00,"1,789,730.00"
457,2024-01-31,"12,199.20","12,199.20","12,000.00","12,000.00",0.33,20.00,"241,992.00"
458,2024-01-30,"12,011.20","12,011.20","11,960.00","11,960.00",-1.88,135.00,"1,619,374.00"
459,2024-01-29,"12,000.00","12,189.00","11,910.00","12,189.00",2.0,70.00,"846,972.00"
460,2024-01-28,"12,240.00","12,241.00","11,815.00","11,950.00",-0.42,270.00,"3,220,217.00"
461,2024-01-25,"12,210.00","12,247.50","11,930.00","12,001.00",-1.77,755.00,"9,103,956.00"
462,2024-01-24,"12,400.00","12,444.00","12,217.10","12,217.10",0.14,135.00,"1,661,761.00"
463,2024-01-23,"12,430.00","12,430.00","12,200.00","12,200.00",-1.88,95.00,"1,161,340.00"
464,2024-01-22,"12,400.00","12,798.00","12,260.00","12,434.00",1.92,170.00,"2,119,373.00"
465,2024-01-21,"12,200.00","12,692.00","12,197.10","12,200.00",-1.98,510.00,"6,281,104.00"
466,2024-01-18,"12,631.00","12,650.00","12,446.00","12,446.00",-2.0,180.00,"2,260,211.00"
467,2024-01-17,"12,700.00","12,954.00","12,700.00","12,700.00",-1.05,260.00,"3,307,390.00"
468,2024-01-16,"13,100.00","13,100.00","12,835.00","12,835.00",-0.12,40.00,"518,730.00"
469,2024-01-14,"12,700.00","13,005.00","12,700.00","12,849.90",0.78,265.00,"3,401,499.00"
470,2024-01-11,"12,500.00","12,750.00","12,500.00","12,750.00",2.0,160.00,"2,036,100.00"
471,2024-01-10,"12,300.00","12,501.00","12,250.00","12,500.00",0.0,141.00,"1,749,560.00"
472,2024-01-09,"12,340.00","12,588.80","12,250.00","12,500.00",3.31,353.00,"4,374,780.50"
473,2024-01-08,"12,260.00","12,400.00","12,060.00","12,100.00",-0.49,361.00,"4,395,600.50"
474,2024-01-07,"12,500.00","12,590.00","12,160.00","12,160.00",-1.54,311.00,"3,834,919.00"
475,2024-01-04,"12,735.00","12,990.00","12,350.20","12,350.20",-1.11,424.00,"5,376,223.90"
476,2024-01-03,"12,839.00","12,852.00","12,390.00","12,489.00",-0.88,408.00,"5,126,103.00"
477,2024-01-02,"12,689.10","12,785.00","12,550.00","12,600.00",-2.69,149.00,"1,881,782.90"
478,2024-01-01,"12,500.00","12,948.00","12,500.00","12,948.00",2.93,160.00,"2,026,610.00"
479,2023-12-28,"12,902.50","13,199.00","12,580.00","12,580.00",-2.0,350.00,"4,489,355.00"
480,2023-12-27,"13,360.90","13,360.90","12,585.00","12,836.70",-2.0,210.00,"2,718,982.60"
481,2023-12-24,"13,340.00","13,362.00","12,900.00","13,099.00",-0.01,251.00,"3,294,167.10"
482,2023-12-21,"13,340.00","13,606.80","13,073.20","13,100.00",-1.84,694.00,"9,209,234.20"
483,2023-12-20,"12,650.00","13,450.00","12,650.00","13,345.00",5.08,820.00,"10,907,261.00"
484,2023-12-19,"12,922.00","12,922.00","12,600.00","12,700.00",0.24,101.00,"1,285,592.00"
485,2023-12-18,"12,700.00","12,785.00","12,500.00","12,669.00",1.07,270.00,"3,412,981.00"
486,2023-12-17,"12,201.00","12,691.90","12,200.00","12,535.00",0.74,210.00,"2,598,147.00"
487,2023-12-14,"11,760.00","12,700.00","11,760.00","12,443.10",3.69,391.00,"4,831,926.80"
488,2023-12-13,"11,730.00","12,495.00","11,730.00","12,000.00",4.35,"1,735.00","20,810,211.00"
489,2023-12-12,"11,401.00","11,700.00","11,400.00","11,500.00",0.0,340.00,"3,932,530.00"
490,2023-12-11,"11,541.40","11,832.00","11,500.00","11,500.00",1.63,370.00,"4,326,532.00"
491,2023-12-07,"11,271.00","11,536.00","11,250.00","11,315.10",-1.61,240.00,"2,723,605.00"
492,2023-12-06,"11,555.00","11,590.00","11,360.00","11,500.00",1.05,100.00,"1,148,180.00"
493,2023-12-05,"11,200.00","11,380.00","11,158.00","11,380.00",1.51,70.00,"785,900.00"
494,2023-12-04,"11,445.00","11,445.00","11,211.00","11,211.00",-0.17,145.00,"1,641,486.00"
495,2023-12-03,"11,050.10","11,230.20","10,500.00","11,230.20",0.27,"1,201.00","12,845,746.00"
496,2023-11-30,"11,565.00","11,700.00","10,976.00","11,200.00",-5.08,"1,790.00","20,092,936.00"
497,2023-11-29,"12,030.10","12,030.10","11,720.40","11,800.00",-3.75,750.00,"8,879,913.00"
498,2023-11-28,"12,250.00","12,261.00","12,250.00","12,260.00",-1.92,40.00,"490,320.00"
499,2023-11-27,"13,098.00","13,098.60","12,201.00","12,500.00",-2.66,649.00,"8,086,462.00"
500,2023-11-26,"12,440.00","12,841.80","12,440.00","12,841.80",2.0,110.00,"1,406,105.00"
501,2023-11-23,"12,500.00","12,590.00","12,421.00","12,590.00",0.56,40.00,"500,610.00"
502,2023-11-22,"12,200.00","12,520.00","12,200.00","12,520.00",2.12,70.00,"868,844.00"
503,2023-11-21,"12,500.00","12,500.00","12,260.00","12,260.00",-3.08,75.00,"929,520.00"
504,2023-11-20,"12,500.10","12,700.00","12,500.00","12,650.00",-0.42,100.00,"1,258,502.00"
505,2023-11-09,"12,900.00","12,900.00","12,652.10","12,703.00",-0.04,123.00,"1,563,300.00"
506,2023-11-08,"12,708.10","12,708.10","12,708.10","12,708.10",-1.49,10.00,"127,081.00"
507,2023-11-07,"13,000.00","13,000.20","12,900.00","12,900.00",-2.27,450.00,"5,837,420.00"
508,2023-11-06,"13,150.00","13,200.00","13,150.00","13,200.00",0.38,55.00,"725,465.00"
509,2023-11-05,"12,894.90","13,150.00","12,894.90","13,150.00",-0.06,30.00,"389,398.00"
510,2023-11-02,"13,158.00","13,158.00","13,158.00","13,158.00",2.0,20.00,"263,160.00"
511,2023-11-01,"13,102.00","13,150.00","12,900.00","12,900.00",-1.53,226.00,"2,923,528.00"
512,2023-10-31,"13,100.00","13,100.10","13,000.00","13,100.00",0.72,295.00,"3,859,501.50"
513,2023-10-30,"13,000.00","13,102.00","13,000.00","13,006.00",-0.72,160.00,"2,082,080.00"
514,2023-10-29,"13,101.00","13,101.00","13,002.00","13,100.00",-1.97,490.00,"6,384,641.00"
515,2023-10-19,"13,100.00","13,363.00","13,100.00","13,363.00",2.0,70.00,"925,630.00"
516,2023-10-18,"13,050.00","13,450.00","13,050.00","13,101.00",1.16,310.00,"4,102,770.00"
517,2023-10-17,"13,100.00","13,100.00","12,951.00","12,951.00",-0.38,130.00,"1,690,140.00"
518,2023-10-16,"13,000.00","13,000.10","12,900.00","13,000.00",0.0,160.00,"2,074,012.00"
519,2023-10-12,"12,800.00","13,002.00","12,800.00","13,000.00",0.12,255.00,"3,313,020.00"
520,2023-10-11,"13,000.00","13,000.00","12,985.00","12,985.00",-2.0,20.00,"259,850.00"
521,2023-10-10,"13,153.00","13,250.00","13,153.00","13,250.00",2.75,20.00,"264,030.00"
522,2023-10-09,"12,900.00","13,420.90","12,896.00","12,896.00",-0.03,70.00,"915,829.00"
523,2023-10-08,"13,000.00","13,000.00","12,801.00","12,900.00",-0.77,50.00,"646,010.00"
524,2023-10-05,"13,095.00","13,095.00","13,000.00","13,000.00",-2.71,60.00,"784,750.00"
525,2023-10-04,"13,100.00","13,362.00","13,100.00","13,362.00",2.0,55.00,"728,420.00"
526,2023-10-03,"13,000.00","13,100.00","12,986.00","13,100.00",-1.13,60.00,"780,740.00"
527,2023-10-02,"13,400.00","13,400.00","13,132.00","13,250.00",-0.38,40.00,"530,320.00"
528,2023-09-27,"13,300.00","13,300.00","13,300.00","13,300.00",0.0,10.00,"133,000.00"
529,2023-09-25,"13,200.00","13,399.90","13,200.00","13,300.00",0.52,70.00,"930,502.00"
530,2023-09-24,"13,582.30","13,582.30","13,231.00","13,231.00",-1.99,70.00,"934,382.00"
531,2023-09-21,"13,700.00","13,700.00","13,500.10","13,500.10",0.0,20.00,"272,001.00"
532,2023-09-19,"13,400.00","13,500.00","13,400.00","13,500.00",1.81,40.00,"537,000.00"
533,2023-09-18,"13,000.00","13,260.00","13,000.00","13,260.00",0.49,40.00,"522,660.00"
534,2023-09-17,"13,464.00","13,464.00","13,195.00","13,195.00",-2.0,40.00,"530,540.00"
535,2023-09-13,"13,400.00","13,464.00","13,400.00","13,464.00",2.0,30.00,"403,280.00"
536,2023-09-12,"13,500.00","13,500.00","13,200.00","13,200.00",-1.92,50.00,"666,400.00"
537,2023-09-11,"13,464.00","13,464.00","13,195.00","13,458.00",1.95,80.00,"1,066,189.00"
538,2023-09-07,"13,283.00","13,283.00","13,150.00","13,200.00",-2.22,120.00,"1,587,450.00"
539,2023-09-05,"13,500.00","13,500.00","13,500.00","13,500.00",1.5,30.00,"405,000.00"
540,2023-09-04,"13,310.10","13,350.00","13,301.00","13,301.00",0.38,30.00,"399,611.00"
541,2023-09-03,"13,377.00","13,377.00","13,251.00","13,251.00",-0.94,55.00,"730,270.00"
542,2023-08-30,"13,923.00","13,923.00","13,377.00","13,377.00",-2.0,90.00,"1,215,730.00"
543,2023-08-29,"13,651.00","13,651.00","13,650.00","13,650.00",-1.44,40.00,"546,020.00"
544,2023-08-27,"13,255.00","13,850.00","13,255.00","13,850.00",2.4,60.00,"814,556.00"
545,2023-08-24,"14,000.00","14,000.00","13,525.00","13,525.00",-3.32,250.00,"3,412,463.00"
546,2023-08-23,"14,000.00","14,000.00","13,990.00","13,990.00",0.29,30.00,"419,900.00"
547,2023-08-22,"13,722.00","13,950.00","13,722.00","13,950.00",-0.36,50.00,"692,720.00"
548,2023-08-21,"14,000.00","14,000.00","14,000.00","14,000.00",1.97,10.00,"140,000.00"
549,2023-08-20,"14,200.00","14,250.00","13,730.00","13,730.00",-3.99,90.00,"1,259,590.00"
550,2023-08-17,"14,380.00","14,490.00","14,300.00","14,300.00",-0.56,40.00,"576,590.00"
551,2023-08-16,"14,230.00","14,380.00","14,230.00","14,380.00",1.05,22.00,"314,560.00"
552,2023-08-15,"14,230.00","14,230.00","14,230.00","14,230.00",-1.27,20.00,"284,600.00"
553,2023-08-14,"14,402.40","14,412.60","14,130.00","14,412.60",2.07,30.00,"429,450.00"
554,2023-08-13,"14,200.00","14,200.00","14,120.00","14,120.00",-1.99,20.00,"283,200.00"
555,2023-08-10,"14,375.00","14,700.00","14,375.00","14,406.00",-1.78,60.00,"871,809.00"
556,2023-08-09,"13,623.00","14,667.00","13,622.10","14,667.00",5.52,70.00,"989,091.00"
557,2023-08-08,"14,000.00","14,000.00","13,900.00","13,900.00",-2.66,100.00,"1,398,794.00"
558,2023-08-07,"14,000.00","14,565.60","14,000.00","14,280.00",1.19,50.00,"716,912.00"
559,2023-08-06,"14,693.10","14,986.90","14,112.00","14,112.00",-2.03,80.00,"1,161,080.00"
560,2023-08-03,"14,685.00","14,688.00","14,405.00","14,405.00",0.03,180.00,"2,635,210.00"
561,2023-08-02,"14,450.00","14,450.00","14,200.00","14,400.00",-0.01,30.00,"430,500.00"
562,2023-07-31,"14,687.00","14,687.00","14,401.00","14,401.00",0.01,110.00,"1,596,740.00"
563,2023-07-30,"14,790.00","14,893.00","14,310.00","14,400.00",-1.38,358.00,"5,171,111.00"
564,2023-07-27,"14,950.00","14,950.00","14,598.50","14,601.00",-3.94,110.00,"1,628,790.00"
565,2023-07-26,"14,700.00","15,275.00","14,500.00","15,200.00",2.01,180.00,"2,706,376.00"
566,2023-07-25,"15,100.00","15,402.00","14,900.00","14,900.00",-3.15,320.00,"4,834,831.00"
567,2023-07-24,"15,426.20","15,426.20","15,136.00","15,385.00",-2.26,155.00,"2,368,042.00"
568,2023-07-23,"15,700.00","16,200.00","15,386.00","15,741.00",0.29,743.00,"11,614,981.00"
569,2023-07-20,"14,640.00","16,005.00","14,640.00","15,695.00",7.87,"1,150.00","17,621,387.00"
570,2023-07-19,"13,994.00","14,780.00","13,990.00","14,550.00",6.05,765.00,"10,986,066.00"
571,2023-07-18,"13,850.10","13,850.10","13,720.00","13,720.00",-2.0,40.00,"552,701.00"
572,2023-07-17,"13,870.00","14,000.00","13,870.00","14,000.00",1.45,40.00,"556,600.00"
573,2023-07-13,"14,000.00","14,000.00","13,800.00","13,800.00",0.41,25.00,"345,620.00"
574,2023-07-12,"13,500.00","13,743.60","13,500.00","13,743.00",1.99,214.00,"2,938,258.00"
575,2023-07-11,"13,105.00","13,474.20","13,105.00","13,474.20",2.0,160.00,"2,123,910.00"
576,2023-07-10,"13,399.90","13,668.00","13,205.00","13,210.00",-1.42,375.00,"5,034,984.00"
577,2023-07-09,"13,300.00","13,400.00","13,300.00","13,400.00",0.04,20.00,"267,000.00"
578,2023-07-06,"12,901.00","13,394.60","12,900.00","13,394.60",2.0,120.00,"1,575,466.00"
579,2023-07-05,"13,400.00","13,400.00","13,132.00","13,132.00",-2.0,73.00,"966,588.00"
580,2023-07-04,"13,250.00","13,400.00","13,201.00","13,400.00",1.21,90.00,"1,194,550.00"
581,2023-07-02,"13,688.00","13,689.00","13,240.00","13,240.00",-1.39,155.00,"2,080,981.00"
582,2023-06-28,"13,877.00","13,877.00","13,426.00","13,426.00",-1.32,235.00,"3,184,820.00"
583,2023-06-27,"13,750.00","13,804.60","13,605.00","13,605.00",0.52,60.00,"825,642.00"
584,2023-06-26,"14,076.00","14,198.00","13,526.00","13,534.00",-1.93,"1,110.00","15,072,377.00"
585,2023-06-25,"13,696.00","14,000.00","13,570.00","13,800.00",2.75,220.00,"3,022,222.00"
586,2023-06-22,"13,639.90","13,693.00","13,431.00","13,431.00",0.04,315.00,"4,277,626.00"
587,2023-06-21,"13,684.00","13,690.00","13,425.00","13,425.00",-3.83,170.00,"2,305,200.00"
588,2023-06-20,"13,974.00","14,535.00","13,960.00","13,960.00",1.9,170.00,"2,401,063.00"
589,2023-06-19,"13,525.20","13,795.70","13,310.00","13,700.00",3.32,315.00,"4,283,579.00"
590,2023-06-18,"13,344.00","13,611.40","13,080.10","13,260.00",1.35,230.00,"3,058,053.00"
591,2023-06-15,"13,150.00","13,150.00","13,083.00","13,083.00",-2.0,120.00,"1,570,660.00"
592,2023-06-14,"13,500.00","13,850.00","13,064.40","13,350.00",-1.83,245.00,"3,277,320.00"
593,2023-06-13,"13,350.00","13,650.00","13,350.00","13,599.00",1.87,250.00,"3,385,810.00"
594,2023-06-12,"13,255.00","13,350.00","13,091.00","13,350.00",0.0,255.00,"3,355,885.00"
595,2023-06-11,"13,100.00","13,350.00","13,000.00","13,350.00",2.69,445.00,"5,860,652.00"
596,2023-06-08,"12,711.00","13,198.00","12,703.00","13,000.00",0.32,260.00,"3,379,260.00"
597,2023-06-07,"13,000.00","13,284.00","12,760.00","12,959.00",1.49,228.00,"2,941,884.50"
598,2023-06-06,"12,557.20","12,769.00","12,557.20","12,769.00",3.72,40.00,"508,642.00"
599,2023-06-05,"12,561.00","12,600.00","12,311.00","12,311.00",-1.98,90.00,"1,125,850.00"
600,2023-06-04,"12,314.00","12,561.00","12,314.00","12,560.00",1.6,60.00,"751,162.00"
601,2023-06-01,"12,362.40","12,362.40","12,362.40","12,362.40",2.0,10.00,"123,624.00"
602,2023-05-31,"12,000.00","12,120.00","11,819.00","12,120.00",0.5,110.00,"1,317,820.00"
603,2023-05-30,"12,301.00","12,305.00","12,060.00","12,060.00",-3.52,240.00,"2,939,242.00"
604,2023-05-28,"13,100.00","13,100.00","12,500.00","12,500.00",-3.88,240.00,"3,080,571.00"
605,2023-05-24,"12,351.10","13,005.00","12,348.00","13,005.00",3.21,510.00,"6,444,583.50"
606,2023-05-23,"12,240.00","12,750.00","12,240.00","12,600.00",5.0,280.00,"3,504,503.00"
607,2023-05-22,"11,795.00","12,000.00","11,795.00","12,000.00",3.76,68.00,"804,186.00"
608,2023-05-21,"11,600.00","11,800.00","11,564.00","11,565.00",-0.3,95.00,"1,106,065.00"
609,2023-05-18,"11,550.00","11,600.00","11,450.00","11,600.00",0.43,120.00,"1,379,570.00"
610,2023-05-17,"11,270.00","11,550.00","11,270.00","11,550.00",2.48,70.00,"798,008.00"
611,2023-05-16,"11,500.00","11,500.00","11,270.00","11,270.00",-3.08,105.00,"1,194,070.00"
612,2023-05-15,"11,628.00","11,628.00","11,620.00","11,628.00",2.0,60.00,"697,600.00"
613,2023-05-14,"11,436.60","11,436.60","11,207.90","11,400.00",-2.31,40.00,"452,524.00"
614,2023-05-11,"11,670.00","11,670.00","11,670.00","11,670.00",-0.06,20.00,"233,400.00"
615,2023-05-10,"11,660.00","11,677.00","11,650.00","11,677.00",1.98,88.00,"1,026,579.00"
616,2023-05-09,"11,559.00","11,559.00","11,310.00","11,449.90",0.92,84.00,"958,189.00"
617,2023-05-08,"11,620.00","11,620.00","11,152.00","11,345.00",-0.48,270.00,"3,039,945.00"
618,2023-05-07,"11,590.00","11,590.00","11,400.00","11,400.00",-0.44,55.00,"630,860.00"
619,2023-05-04,"11,655.00","11,655.00","11,450.00","11,450.00",0.16,20.00,"231,050.00"
620,2023-05-03,"11,694.00","11,694.00","11,208.00","11,432.10",-0.3,422.00,"4,758,623.40"
621,2023-05-02,"11,628.00","11,850.00","11,400.00","11,466.00",0.58,360.00,"4,123,970.00"
622,2023-04-30,"11,880.00","11,880.00","11,400.00","11,400.00",-2.15,230.00,"2,651,812.00"
623,2023-04-27,"11,515.10","11,700.00","11,225.00","11,650.00",-0.21,716.00,"8,179,089.00"
624,2023-04-26,"11,654.00","11,887.00","11,654.00","11,675.00",-0.21,30.00,"352,160.00"
625,2023-04-24,"11,501.00","11,700.00","11,500.00","11,700.00",-0.03,510.00,"5,913,061.00"
626,2023-04-23,"12,145.00","12,145.00","11,703.00","11,703.00",-1.71,214.00,"2,529,564.00"
627,2023-04-20,"12,200.00","12,200.00","11,907.00","11,907.00",-3.94,100.00,"1,205,140.00"
628,2023-04-19,"12,250.00","12,395.00","12,153.00","12,395.00",-0.04,40.00,"490,480.00"
629,2023-04-16,"12,295.00","12,540.90","12,295.00","12,400.00",2.87,30.00,"372,359.00"
630,2023-04-13,"12,464.00","12,464.00","12,054.00","12,054.00",-3.29,100.00,"1,216,800.00"
631,2023-04-12,"12,220.00","12,464.00","12,220.00","12,464.00",4.0,40.00,"496,120.00"
632,2023-04-11,"12,209.00","12,229.00","11,985.00","11,985.00",-0.04,230.00,"2,786,320.00"
633,2023-04-10,"11,950.00","12,189.00","11,912.00","11,990.00",0.33,220.00,"2,636,120.00"
634,2023-04-09,"12,199.00","12,199.00","11,950.00","11,950.00",-1.01,70.00,"840,645.00"
635,2023-04-06,"12,051.10","12,340.00","12,051.10","12,072.00",-1.45,129.00,"1,572,113.00"
636,2023-04-05,"12,096.00","12,336.00","12,090.00","12,250.10",-0.74,70.00,"854,722.00"
637,2023-04-04,"11,966.80","12,342.00","11,861.00","12,342.00",1.07,440.00,"5,261,887.00"
638,2023-04-03,"12,595.00","12,595.00","12,105.00","12,211.00",-1.13,80.00,"990,261.00"
639,2023-04-02,"12,699.00","12,699.00","12,197.00","12,350.00",-1.04,120.00,"1,475,568.00"
640,2023-03-30,"12,579.00","12,579.00","12,328.00","12,480.00",1.12,130.00,"1,612,160.00"
641,2023-03-29,"12,100.00","12,342.00","12,100.00","12,342.00",0.8,40.00,"486,420.00"
642,2023-03-28,"12,498.00","12,498.00","12,244.20","12,244.20",-0.77,30.00,"372,362.00"
643,2023-03-27,"12,338.90","12,350.00","12,092.20","12,339.00",2.0,70.00,"856,631.00"
644,2023-03-26,"12,448.00","12,448.00","12,097.00","12,097.00",-1.99,20.00,"245,450.00"
645,2023-03-23,"11,888.00","12,615.00","11,888.00","12,343.10",5.21,100.00,"1,233,129.00"
646,2023-03-22,"12,446.00","12,694.90","11,732.00","11,732.00",-7.62,"1,030.00","12,369,633.00"
647,2023-03-20,"12,700.00","12,700.00","12,700.00","12,700.00",-0.35,10.00,"127,000.00"
648,2023-03-19,"13,020.00","13,020.00","12,500.00","12,744.00",-0.47,60.00,"760,286.00"
649,2023-03-16,"12,350.00","12,804.00","12,103.00","12,804.00",3.68,195.00,"2,403,820.00"
650,2023-03-15,"12,587.90","12,587.90","12,108.00","12,350.00",0.06,140.00,"1,711,919.00"
651,2023-03-14,"12,550.00","12,740.00","12,100.00","12,342.00",-3.12,182.00,"2,255,478.00"
652,2023-03-13,"12,949.00","12,999.90","12,740.00","12,740.00",0.31,30.00,"386,889.00"
653,2023-03-12,"12,717.50","12,717.50","12,463.20","12,700.00",-2.13,100.00,"1,251,247.00"
654,2023-03-09,"12,750.00","12,977.00","12,750.00","12,977.00",1.86,80.00,"1,028,058.00"
655,2023-03-07,"12,495.00","12,744.90","12,490.20","12,740.00",-0.08,130.00,"1,633,177.00"
656,2023-03-05,"12,794.90","12,794.90","12,045.20","12,750.00",-2.34,310.00,"3,798,807.00"
657,2023-03-02,"12,815.00","13,056.00","12,294.00","13,056.00",3.91,912.00,"11,323,982.00"
658,2023-03-01,"13,622.00","13,622.00","12,564.70","12,564.70",-9.61,580.00,"7,358,005.00"
659,2023-02-27,"13,300.00","13,900.00","12,551.00","13,900.00",4.3,606.00,"7,843,305.00"
660,2023-02-26,"13,083.00","13,600.00","13,083.00","13,327.10",-0.17,280.00,"3,772,780.00"
661,2023-02-23,"13,244.70","13,350.00","13,244.70","13,350.00",-1.22,20.00,"265,947.00"
662,2023-02-22,"12,740.00","13,515.00","12,702.00","13,515.00",3.97,270.00,"3,538,199.00"
663,2023-02-20,"12,999.00","12,999.00","12,999.00","12,999.00",0.77,10.00,"129,990.00"
664,2023-02-16,"12,900.00","12,900.00","12,900.00","12,900.00",-0.77,45.00,"580,500.00"
665,2023-02-15,"13,000.00","13,200.00","13,000.00","13,000.00",-0.31,60.00,"785,700.00"
666,2023-02-14,"12,999.00","13,057.00","12,830.00","13,040.00",1.87,110.00,"1,430,629.00"
667,2023-02-12,"13,035.00","13,035.00","12,801.00","12,801.00",-3.75,30.00,"388,710.00"
668,2023-02-09,"13,060.00","13,300.00","12,960.00","13,300.00",1.53,160.00,"2,110,200.00"
669,2023-02-08,"13,639.90","13,639.90","13,100.00","13,100.00",-2.39,60.00,"795,071.00"
670,2023-02-07,"12,900.00","13,421.00","12,811.00","13,421.00",4.69,"1,010.00","13,202,312.00"
671,2023-02-06,"12,830.00","12,830.00","12,820.00","12,820.00",-0.16,20.00,"256,500.00"
672,2023-02-05,"13,056.00","13,310.00","12,840.00","12,840.00",0.31,50.00,"650,898.00"
673,2023-02-02,"12,910.00","13,195.00","12,800.00","12,800.00",-2.29,180.00,"2,322,781.00"
674,2023-02-01,"12,950.00","13,158.00","12,950.00","13,100.00",1.55,50.00,"654,580.00"
675,2023-01-31,"13,190.00","13,200.00","12,900.00","12,900.00",-0.42,70.00,"912,684.00"
676,2023-01-30,"13,200.00","13,200.00","12,950.00","12,955.00",-3.23,100.00,"1,301,163.00"
677,2023-01-29,"13,360.00","13,620.00","13,172.00","13,388.00",2.2,90.00,"1,202,560.00"
678,2023-01-26,"13,100.00","13,100.00","13,100.00","13,100.00",0.23,20.00,"262,000.00"
679,2023-01-25,"13,050.00","13,390.00","13,050.00","13,070.10",2.11,145.00,"1,907,273.00"
680,2023-01-24,"12,800.00","13,054.00","12,800.00","12,800.00",-1.35,80.00,"1,028,890.00"
681,2023-01-23,"13,230.00","13,230.00","12,975.00","12,975.00",-0.95,50.00,"651,361.00"
682,2023-01-19,"13,249.00","13,249.00","13,100.00","13,100.00",0.77,45.00,"590,990.00"
683,2023-01-18,"13,298.00","13,350.00","13,000.00","13,000.00",-0.38,215.00,"2,829,958.00"
684,2023-01-17,"13,460.00","13,460.00","13,001.00","13,050.00",-1.14,110.00,"1,455,330.00"
685,2023-01-12,"13,660.00","13,790.00","13,100.00","13,200.00",-1.5,425.00,"5,655,462.00"
686,2023-01-10,"13,279.00","13,405.00","13,276.10","13,401.00",-1.08,440.00,"5,872,721.00"
687,2023-01-09,"13,797.00","13,797.00","13,281.00","13,547.00",-0.37,280.00,"3,758,595.00"
688,2023-01-08,"13,328.10","13,597.00","13,000.00","13,597.00",-0.02,660.00,"8,704,149.00"
689,2023-01-05,"14,043.00","14,043.00","13,240.00","13,600.00",-1.22,147.00,"1,996,254.00"
690,2023-01-04,"13,400.00","13,768.00","13,251.00","13,768.00",0.73,240.00,"3,211,670.00"
691,2023-01-03,"14,179.70","14,179.70","13,371.00","13,668.00",-5.54,779.00,"10,541,003.00"
692,2023-01-02,"14,474.60","14,474.60","13,622.00","14,469.00",-2.04,330.00,"4,559,858.00"
693,2023-01-01,"14,650.00","14,880.00","13,425.00","14,770.00",0.82,410.00,"5,670,247.00"
694,2022-12-29,"13,999.00","14,650.00","13,916.00","14,650.00",6.53,554.00,"7,893,160.00"
695,2022-12-28,"13,800.00","14,000.00","13,483.00","13,752.00",-1.86,335.00,"4,598,720.00"
696,2022-12-27,"13,490.00","14,590.00","13,230.00","14,013.00",5.52,"1,135.00","15,433,469.00"
697,2022-12-26,"13,158.00","13,400.00","12,871.00","13,280.00",2.95,160.00,"2,107,130.00"
698,2022-12-22,"12,400.00","12,900.00","12,400.00","12,900.00",3.18,"1,300.00","16,231,085.00"
699,2022-12-21,"12,502.00","12,502.00","12,502.00","12,502.00",0.0,30.00,"375,060.00"
700,2022-12-20,"12,747.00","12,751.00","12,502.00","12,502.00",0.01,80.00,"1,011,100.00"
701,2022-12-19,"12,700.00","12,705.00","12,501.00","12,501.00",0.35,"1,455.00","18,239,925.00"
702,2022-12-18,"12,711.00","12,711.00","12,456.80","12,457.00",-3.96,210.00,"2,622,146.00"
703,2022-12-15,"12,750.00","12,970.00","12,750.00","12,970.00",0.0,190.00,"2,461,659.00"
704,2022-12-14,"12,970.00","13,050.00","12,651.00","12,970.00",0.78,780.00,"10,051,153.00"
705,2022-12-13,"12,600.00","12,982.00","12,348.00","12,870.00",1.12,360.00,"4,546,865.00"
706,2022-12-12,"12,490.00","12,728.00","12,270.00","12,728.00",3.9,300.00,"3,720,683.00"
707,2022-12-11,"12,292.30","12,292.30","12,250.00","12,250.00",-2.34,40.00,"490,423.00"
708,2022-12-07,"12,551.00","12,551.00","12,543.10","12,543.10",-2.0,60.00,"752,762.00"
709,2022-12-06,"12,677.00","12,830.00","12,600.00","12,799.00",-1.04,80.00,"1,019,180.00"
710,2022-12-05,"13,200.00","13,200.00","12,348.00","12,934.00",-2.61,750.00,"9,469,021.00"
711,2022-12-04,"13,074.00","13,280.00","12,666.20","13,280.00",-0.45,710.00,"9,132,080.00"
712,2022-12-01,"13,112.40","13,340.00","12,830.00","13,340.00",-0.3,160.00,"2,085,945.00"
713,2022-11-30,"13,175.20","13,380.00","12,653.50","13,380.00",-0.48,230.00,"2,955,242.00"
714,2022-11-29,"12,963.60","13,444.00","12,704.40","13,444.00",1.63,830.00,"10,592,366.00"
715,2022-11-28,"12,994.80","13,498.00","12,736.00","13,228.10",-0.24,170.00,"2,187,716.00"
716,2022-11-27,"12,900.00","13,260.00","12,450.00","13,260.00",2.79,710.00,"9,186,560.00"
717,2022-11-24,"12,450.00","12,900.00","12,250.00","12,900.00",3.21,484.00,"6,034,036.00"
718,2022-11-23,"12,350.00","12,499.00","12,112.00","12,499.00",-0.8,560.00,"6,815,119.00"
719,2022-11-22,"12,900.00","12,900.00","12,390.20","12,600.00",-0.79,190.00,"2,370,400.00"
720,2022-11-17,"11,775.00","12,994.30","11,775.00","12,700.00",7.51,120.00,"1,494,019.00"
721,2022-11-15,"12,000.00","12,000.00","11,813.00","11,813.00",-1.56,80.00,"950,373.00"
722,2022-11-14,"11,850.00","12,099.00","11,850.00","12,000.00",1.51,90.00,"1,080,170.00"
723,2022-11-13,"11,999.90","12,090.00","11,821.00","11,821.00",-0.75,180.00,"2,146,758.00"
724,2022-11-10,"12,040.00","12,040.00","11,900.00","11,910.00",0.87,40.00,"477,500.00"
725,2022-11-09,"12,210.00","12,210.00","11,807.00","11,807.00",-2.98,410.00,"4,908,251.00"
726,2022-11-08,"12,200.00","12,200.00","12,170.00","12,170.00",0.58,70.00,"852,800.00"
727,2022-11-07,"12,200.00","12,251.00","12,100.00","12,100.00",-2.42,175.00,"2,132,122.00"
728,2022-11-06,"12,322.60","12,400.00","12,201.00","12,400.00",2.64,210.00,"2,577,298.00"
729,2022-11-03,"11,921.60","12,160.00","11,921.60","12,081.00",-0.69,50.00,"604,326.00"
730,2022-11-02,"12,340.00","12,413.00","12,164.80","12,164.80",-0.04,140.00,"1,725,443.00"
731,2022-11-01,"12,300.00","12,342.00","12,150.00","12,170.00",0.58,85.00,"1,042,660.00"
732,2022-10-31,"12,100.00","12,100.00","12,100.00","12,100.00",0.0,15.00,"181,500.00"
733,2022-10-23,"12,100.00","12,100.00","12,100.00","12,100.00",-0.83,11.00,"133,100.00"
734,2022-10-19,"12,054.00","12,201.00","12,054.00","12,201.00",-0.8,20.00,"242,550.00"
735,2022-10-17,"12,000.00","12,299.00","12,000.00","12,299.00",1.64,50.00,"610,270.00"
736,2022-10-16,"12,175.00","12,175.00","12,100.00","12,100.00",-0.59,20.00,"242,750.00"
737,2022-10-13,"12,000.00","12,172.00","12,000.00","12,172.00",1.99,20.00,"241,720.00"
738,2022-10-12,"11,700.00","11,935.00","11,700.00","11,935.00",2.01,350.00,"4,173,720.00"
739,2022-10-11,"12,000.00","12,000.00","11,700.00","11,700.00",-3.31,50.00,"591,000.00"
740,2022-10-10,"12,036.00","12,100.00","12,000.00","12,100.00",0.53,30.00,"361,360.00"
741,2022-10-09,"11,950.00","12,036.00","11,950.00","12,036.00",2.0,20.00,"239,860.00"
742,2022-09-29,"11,800.00","11,805.00","11,800.00","11,800.00",-0.84,45.00,"531,080.00"
743,2022-09-28,"12,000.00","12,240.00","11,710.00","11,900.00",-0.37,230.00,"2,733,981.00"
744,2022-09-27,"11,700.00","12,025.00","11,622.80","11,944.20",0.71,450.00,"5,386,759.00"
745,2022-09-25,"12,050.00","12,205.00","11,860.00","11,860.00",-3.39,336.00,"4,045,904.70"
746,2022-09-22,"12,545.00","13,000.00","11,800.00","12,276.70",-4.1,"1,995.00","24,149,644.50"
747,2022-09-21,"12,600.00","12,801.00","12,600.00","12,801.00",2.0,40.00,"510,020.00"
748,2022-09-20,"12,900.00","12,999.00","12,526.00","12,550.00",-2.72,175.00,"2,226,811.00"
749,2022-09-18,"13,049.00","13,385.00","12,901.00","12,901.00",-1.13,475.00,"6,278,318.50"
750,2022-09-16,"12,800.00","13,049.00","12,800.00","13,049.00",1.73,30.00,"386,490.00"
751,2022-09-15,"13,005.00","13,005.00","12,575.00","12,826.50",-1.96,215.00,"2,735,600.00"
752,2022-09-14,"13,565.00","13,565.00","13,083.00","13,083.00",-1.63,60.00,"800,460.00"
753,2022-09-13,"13,050.00","13,535.40","13,000.00","13,300.00",0.3,585.00,"7,789,109.00"
754,2022-09-12,"13,230.00","13,260.00","13,230.00","13,260.00",2.0,50.00,"662,500.00"
755,2022-09-11,"13,000.00","13,000.00","13,000.00","13,000.00",0.15,20.00,"260,000.00"
756,2022-09-08,"13,100.00","13,100.00","12,980.00","12,980.00",-0.92,120.00,"1,565,610.00"
757,2022-09-07,"13,000.00","13,100.00","13,000.00","13,100.00",0.38,45.00,"586,999.00"
758,2022-09-06,"13,100.00","13,100.00","13,050.00","13,050.00",-0.38,35.00,"457,510.00"
759,2022-09-04,"13,100.00","13,100.00","13,100.00","13,100.00",-1.39,10.00,"131,000.00"
760,2022-09-02,"13,555.80","13,555.80","13,284.70","13,284.70",-0.04,30.00,"401,255.00"
761,2022-09-01,"13,290.00","13,290.00","13,290.00","13,290.00",0.68,20.00,"265,800.00"
762,2022-08-31,"13,500.00","13,500.00","13,200.00","13,200.00",-1.49,120.00,"1,587,300.00"
763,2022-08-30,"13,470.00","13,500.00","13,220.00","13,400.00",1.44,155.00,"2,085,135.00"
764,2022-08-29,"13,250.00","13,250.00","13,200.00","13,210.00",-0.3,50.00,"660,910.00"
765,2022-08-28,"13,570.00","13,570.00","13,111.10","13,250.00",-0.76,70.00,"926,808.00"
766,2022-08-26,"13,350.00","13,352.00","13,350.00","13,352.00",-0.85,70.00,"934,620.00"
767,2022-08-25,"13,502.00","13,502.00","13,466.00","13,466.00",-0.88,137.00,"1,845,552.00"
768,2022-08-24,"13,799.00","13,799.00","13,585.00","13,585.00",-1.77,80.00,"1,089,690.00"
769,2022-08-22,"13,916.00","14,100.00","13,818.00","13,830.00",-2.61,230.00,"3,219,250.00"
770,2022-08-21,"14,269.80","14,590.00","13,735.00","14,200.00",1.5,265.00,"3,723,785.00"
771,2022-08-18,"13,950.00","13,994.40","13,715.00","13,990.00",1.97,166.00,"2,313,356.00"
772,2022-08-17,"13,666.00","14,000.00","13,666.00","13,720.00",-1.21,180.00,"2,490,420.00"
773,2022-08-16,"13,903.00","13,903.00","13,616.20","13,888.00",-0.09,275.00,"3,782,522.00"
774,2022-08-15,"13,902.00","14,180.00","13,650.00","13,900.00",-0.01,440.00,"6,085,394.00"
775,2022-08-14,"14,100.00","14,100.00","13,902.00","13,902.00",0.01,330.00,"4,614,221.00"
776,2022-08-11,"14,000.00","14,644.00","13,901.00","13,901.00",0.73,500.00,"7,078,094.00"
777,2022-08-10,"13,520.00","13,850.00","13,500.00","13,800.00",1.32,150.00,"2,055,450.00"
778,2022-08-09,"13,700.00","13,700.00","13,550.00","13,620.00",-2.01,195.00,"2,652,035.00"
779,2022-08-08,"13,974.00","13,974.00","13,800.00","13,899.00",1.45,474.00,"6,561,236.00"
780,2022-08-07,"13,701.00","13,819.40","13,450.00","13,700.00",-0.9,220.00,"3,001,286.00"
781,2022-08-05,"13,501.00","13,825.00","13,500.00","13,825.00",1.99,180.00,"2,473,160.00"
782,2022-08-04,"13,895.00","13,895.00","13,555.00","13,555.00",-0.5,350.00,"4,759,060.00"
783,2022-08-03,"13,901.00","13,901.00","13,623.00","13,623.00",-3.38,220.00,"3,017,630.00"
784,2022-08-02,"13,999.90","14,100.00","13,821.00","14,100.00",2.32,440.00,"6,148,960.00"
785,2022-08-01,"14,200.00","14,250.00","13,760.10","13,780.00",-1.59,165.00,"2,309,654.50"
786,2022-07-31,"14,000.00","14,500.00","13,720.00","14,003.00",-0.79,449.00,"6,369,085.60"
787,2022-07-29,"13,035.00","14,115.00","13,035.00","14,115.00",6.12,80.00,"1,083,013.00"
788,2022-07-28,"13,500.00","13,800.00","13,301.00","13,301.00",-0.55,"1,056.00","14,429,064.00"
789,2022-07-27,"13,250.00","13,379.00","12,860.00","13,374.00",0.18,260.00,"3,413,056.00"
790,2022-07-26,"13,850.00","13,850.00","13,350.00","13,350.00",-1.85,235.00,"3,189,558.00"
791,2022-07-25,"13,515.00","13,900.00","13,400.00","13,601.00",2.65,540.00,"7,376,455.00"
792,2022-07-24,"13,260.00","13,500.00","13,000.10","13,250.00",1.92,242.00,"3,215,605.00"
793,2022-07-22,"13,469.90","13,470.00","13,000.00","13,000.00",-1.89,85.00,"1,119,909.00"
794,2022-07-21,"13,200.00","13,501.00","13,200.00","13,250.00",1.66,85.00,"1,129,952.00"
795,2022-07-20,"13,550.00","13,550.00","13,034.00","13,034.00",-2.51,610.00,"8,105,911.00"
796,2022-07-19,"13,429.00","13,695.00","13,230.00","13,370.00",1.49,205.00,"2,742,243.00"
797,2022-07-18,"13,100.00","13,200.00","13,100.00","13,174.00",1.34,125.00,"1,641,938.00"
798,2022-07-15,"13,259.40","13,259.40","12,900.00","13,000.00",-3.92,60.00,"780,480.00"
799,2022-07-14,"12,567.00","13,530.00","12,495.00","13,530.00",6.12,345.00,"4,468,615.00"
800,2022-07-13,"12,599.00","12,750.00","12,500.00","12,750.00",2.0,155.00,"1,960,219.00"
801,2022-07-12,"12,200.00","12,500.00","12,100.00","12,500.00",3.31,120.00,"1,476,847.00"
802,2022-07-11,"12,175.00","12,350.00","12,088.30","12,100.00",-2.42,750.00,"9,090,284.00"
803,2022-07-08,"12,300.00","12,400.00","12,280.00","12,400.00",-1.01,130.00,"1,602,500.00"
804,2022-07-07,"13,025.00","13,025.00","12,527.00","12,527.00",-1.98,270.00,"3,405,340.00"
805,2022-07-06,"12,797.00","13,040.00","12,780.00","12,780.00",1.83,90.00,"1,153,790.00"
806,2022-07-05,"12,970.00","12,970.00","12,550.00","12,550.00",-1.34,170.00,"2,167,250.00"
807,2022-07-04,"13,480.00","14,000.00","12,700.00","12,720.00",-3.78,"1,050.00","13,879,372.00"
808,2022-07-03,"13,260.00","14,044.00","13,220.00","13,220.00",1.69,100.00,"1,350,520.00"
809,2022-07-01,"13,185.00","13,500.00","13,000.00","13,000.00",-2.62,150.00,"1,978,706.00"
810,2022-06-30,"13,311.00","14,351.40","13,311.00","13,350.00",2.3,363.00,"4,938,235.00"
811,2022-06-29,"12,444.00","13,420.00","12,444.00","13,050.00",6.97,170.00,"2,225,770.00"
812,2022-06-28,"12,403.30","12,480.00","12,152.00","12,200.00",0.33,510.00,"6,269,345.00"
813,2022-06-27,"12,550.00","12,550.00","12,160.10","12,160.10",-1.52,320.00,"3,981,629.00"
814,2022-06-26,"11,912.00","12,640.00","11,912.00","12,348.00",5.73,622.00,"7,742,970.00"
815,2022-06-24,"11,410.00","11,678.90","11,396.00","11,678.90",0.44,360.00,"4,119,849.00"
816,2022-06-23,"11,741.00","11,741.00","11,402.00","11,628.00",-2.94,225.00,"2,585,505.00"
817,2022-06-22,"12,295.00","12,295.00","11,951.30","11,980.00",-3.73,272.00,"3,274,574.00"
818,2022-06-21,"12,444.00","12,444.00","12,440.00","12,444.00",2.0,70.00,"871,040.00"
819,2022-06-20,"12,550.00","12,550.00","12,048.20","12,200.00",-4.69,428.00,"5,189,891.00"
820,2022-06-19,"12,800.00","12,800.00","12,800.00","12,800.00",0.79,10.00,"128,000.00"
821,2022-06-16,"12,709.90","12,709.90","12,700.00","12,700.00",1.92,30.00,"381,099.00"
822,2022-06-15,"12,715.00","12,715.00","12,460.70","12,460.70",-2.0,277.00,"3,465,892.00"
823,2022-06-14,"12,800.00","12,800.00","12,705.00","12,715.00",-0.97,218.00,"2,778,116.00"
824,2022-06-13,"12,900.00","13,250.00","12,840.00","12,840.00",-2.06,"1,880.00","24,867,120.00"
825,2022-06-10,"12,853.00","13,109.70","12,852.70","13,109.70",-0.04,30.00,"388,154.00"
826,2022-06-09,"13,330.00","13,499.90","13,115.00","13,115.00",-3.57,200.00,"2,656,957.00"
827,2022-06-08,"12,900.00","13,600.00","12,742.00","13,600.00",4.62,588.00,"7,673,921.80"
828,2022-06-07,"13,000.00","13,000.00","12,999.00","12,999.00",-0.01,20.00,"259,990.00"
829,2022-06-06,"13,234.00","13,298.00","12,969.40","13,000.00",0.19,92.00,"1,207,801.00"
830,2022-06-03,"13,100.00","13,362.00","12,838.00","12,975.00",-2.29,519.00,"6,775,870.00"
831,2022-06-02,"13,550.00","13,550.00","13,279.00","13,279.00",-2.0,210.00,"2,798,689.00"
832,2022-06-01,"13,550.00","13,550.00","13,550.00","13,550.00",1.12,30.00,"406,500.00"
833,2022-05-31,"13,350.00","13,594.00","13,150.00","13,400.00",-1.47,720.00,"9,579,345.00"
834,2022-05-30,"14,095.00","14,095.00","13,600.00","13,600.00",-5.4,397.00,"5,478,615.80"
835,2022-05-27,"14,357.00","14,377.00","13,819.00","14,377.00",-1.86,777.00,"10,923,892.00"
836,2022-05-26,"14,699.00","14,699.00","14,200.00","14,650.00",-0.33,60.00,"870,381.00"
837,2022-05-25,"14,644.00","14,699.00","14,352.00","14,699.00",2.38,100.00,"1,448,400.00"
838,2022-05-24,"14,800.00","15,000.00","14,357.00","14,357.00",-2.0,578.00,"8,475,560.00"
839,2022-05-23,"14,969.00","14,973.60","14,650.00","14,650.00",-0.2,107.00,"1,584,552.00"
840,2022-05-20,"14,904.00","14,908.30","14,655.00","14,680.00",0.44,170.00,"2,526,206.00"
841,2022-05-19,"14,990.00","14,993.00","14,616.00","14,616.00",-0.57,110.00,"1,634,700.00"
842,2022-05-18,"14,700.00","14,999.00","14,699.10","14,699.10",-0.01,160.00,"2,372,771.00"
843,2022-05-17,"14,798.00","14,800.00","14,700.00","14,700.00",-2.65,32.00,"472,580.00"
844,2022-05-12,"14,481.00","15,371.30","14,480.00","15,100.00",2.19,360.00,"5,327,683.00"
845,2022-05-11,"14,300.00","14,776.00","14,300.00","14,776.00",3.33,363.00,"5,252,244.90"
846,2022-05-10,"14,100.00","14,310.60","14,100.00","14,300.00",1.92,300.00,"4,288,453.00"
847,2022-05-09,"14,211.80","14,250.00","14,030.00","14,030.00",0.69,40.00,"567,418.00"
848,2022-05-08,"13,887.90","13,933.20","13,887.90","13,933.20",2.0,115.00,"1,598,053.00"
849,2022-05-05,"13,600.00","13,800.00","13,600.00","13,660.00",-0.65,260.00,"3,557,190.00"
850,2022-05-04,"13,999.90","14,279.80","13,725.00","13,750.00",-0.73,215.00,"3,010,689.00"
851,2022-05-02,"13,945.30","13,945.30","13,850.00","13,851.00",-2.63,140.00,"1,949,509.00"
852,2022-04-28,"14,151.00","14,434.00","14,151.00","14,225.00",-1.08,140.00,"1,994,508.00"
853,2022-04-27,"14,300.00","14,379.90","14,300.00","14,379.90",1.8,155.00,"2,226,562.50"
854,2022-04-26,"14,129.10","14,470.00","13,916.00","14,125.00",1.97,601.00,"8,584,924.80"
855,2022-04-25,"14,214.00","14,496.90","13,751.10","13,852.10",-0.6,510.00,"7,249,778.00"
856,2022-04-24,"13,668.00","14,220.10","13,668.00","13,936.00",4.0,252.00,"3,524,218.00"
857,2022-04-21,"13,500.00","13,500.00","13,400.00","13,400.00",-2.16,190.00,"2,553,519.00"
858,2022-04-20,"13,591.00","13,696.50","13,428.00","13,696.50",-0.03,131.00,"1,767,711.00"
859,2022-04-19,"13,681.00","14,070.00","13,601.00","13,700.00",0.14,130.00,"1,793,856.00"
860,2022-04-18,"13,677.00","13,700.00","13,677.00","13,681.00",-1.93,30.00,"410,580.00"
861,2022-04-17,"14,000.00","14,000.00","13,950.00","13,950.00",-0.36,20.00,"279,500.00"
862,2022-04-13,"14,019.90","14,020.00","14,000.00","14,000.00",1.82,105.00,"1,471,595.00"
863,2022-04-12,"13,650.00","13,749.50","13,480.00","13,749.50",0.36,150.00,"2,042,655.00"
864,2022-04-11,"14,100.00","14,100.00","13,624.00","13,700.10",-3.33,135.00,"1,865,532.00"
865,2022-04-07,"13,800.00","14,172.20","13,800.00","14,172.20",4.04,40.00,"557,610.00"
866,2022-04-06,"13,700.00","13,700.00","13,622.00","13,622.00",-2.0,108.00,"1,473,841.00"
867,2022-04-05,"13,970.00","13,970.00","13,710.00","13,900.00",-2.49,340.00,"4,724,280.00"
868,2022-04-04,"14,500.00","14,500.00","14,255.10","14,255.10",-1.69,113.00,"1,622,051.00"
869,2022-04-03,"14,500.00","14,555.00","14,350.00","14,500.00",0.0,302.00,"4,363,845.00"
870,2022-03-31,"14,081.10","14,780.00","14,000.00","14,500.00",5.03,630.00,"9,135,041.00"
871,2022-03-30,"13,999.90","14,000.00","13,805.00","13,805.00",-0.32,60.00,"838,037.00"
872,2022-03-29,"13,872.00","13,872.00","13,670.00","13,850.00",1.84,161.00,"2,214,348.00"
873,2022-03-28,"13,748.00","13,750.00","13,600.00","13,600.00",-3.04,170.00,"2,332,855.00"
874,2022-03-27,"14,300.00","14,300.00","14,026.00","14,026.00",-3.73,130.00,"1,846,110.00"
875,2022-03-24,"14,299.00","14,570.00","14,299.00","14,570.00",2.61,476.00,"6,878,132.50"
876,2022-03-23,"14,000.00","14,199.00","13,851.50","14,199.00",-0.56,244.00,"3,421,116.50"
877,2022-03-22,"13,720.00","14,278.90","13,610.00","14,278.90",2.0,160.00,"2,256,151.00"
878,2022-03-21,"13,111.20","13,999.00","13,111.20","13,999.00",5.1,130.00,"1,764,207.00"
879,2022-03-16,"13,329.00","13,338.00","13,320.00","13,320.00",-1.98,116.00,"1,545,730.00"
880,2022-03-15,"13,358.00","13,590.00","13,101.00","13,588.70",-0.08,250.00,"3,349,864.00"
881,2022-03-14,"13,601.00","13,601.00","13,600.00","13,600.00",-1.09,34.00,"462,410.00"
882,2022-03-13,"13,497.00","14,278.00","12,900.00","13,750.00",1.2,996.00,"13,798,911.00"
883,2022-03-10,"13,590.00","13,590.00","13,587.00","13,587.00",-1.83,40.00,"543,540.00"
884,2022-03-09,"13,800.00","13,840.00","13,574.00","13,840.00",-0.07,116.00,"1,585,920.00"
885,2022-03-07,"13,200.00","13,900.00","13,200.00","13,850.00",5.48,576.00,"7,811,772.00"
886,2022-03-06,"12,600.00","13,131.00","12,600.00","13,131.00",2.18,145.00,"1,887,400.00"
887,2022-03-02,"13,300.00","13,300.00","12,840.00","12,851.00",-3.88,502.00,"6,514,521.00"
888,2022-02-28,"13,461.10","13,589.80","13,350.00","13,370.00",-1.69,283.00,"3,798,032.00"
889,2022-02-27,"13,872.00","13,872.00","13,510.00","13,600.00",0.0,156.00,"2,124,487.00"
890,2022-02-24,"13,750.00","13,750.00","13,475.00","13,600.00",-1.45,466.00,"6,313,890.10"
891,2022-02-23,"13,800.00","13,850.00","13,800.00","13,800.00",-0.59,100.00,"1,382,554.00"
892,2022-02-22,"13,900.00","14,126.00","13,850.00","13,882.10",-0.84,178.00,"2,480,831.20"
893,2022-02-21,"13,622.00","14,002.00","13,622.00","14,000.00",1.34,771.00,"10,754,825.00"
894,2022-02-20,"13,847.40","14,050.00","13,770.00","13,815.00",-2.23,377.00,"5,218,007.80"
895,2022-02-17,"13,905.00","14,160.00","13,905.00","14,130.00",-0.28,110.00,"1,549,540.00"
896,2022-02-16,"14,101.10","14,170.00","14,020.00","14,170.00",0.5,100.00,"1,410,611.00"
897,2022-02-15,"14,144.00","14,300.00","14,000.00","14,100.00",1.68,120.00,"1,695,519.00"
898,2022-02-14,"13,845.00","14,119.90","13,845.00","13,867.00",0.48,230.00,"3,200,870.00"
899,2022-02-13,"14,060.00","14,060.00","13,800.00","13,801.00",-3.29,702.00,"9,772,067.00"
900,2022-02-10,"14,586.00","14,586.00","14,000.00","14,270.00",-0.21,823.00,"11,717,590.00"
901,2022-02-09,"14,105.00","14,484.00","14,092.00","14,300.00",-0.41,583.00,"8,283,664.00"
902,2022-02-08,"15,000.00","15,149.00","14,359.00","14,359.00",-3.95,564.00,"8,240,123.00"
903,2022-02-07,"14,101.00","14,998.00","14,006.10","14,950.00",4.61,533.00,"7,692,050.60"
904,2022-02-06,"14,210.00","14,494.20","14,210.00","14,291.00",-1.44,184.00,"2,635,716.00"
905,2022-02-03,"14,700.00","14,785.00","14,500.00","14,500.00",-1.33,360.00,"5,258,834.00"
906,2022-02-01,"14,800.00","14,997.70","14,650.00","14,696.00",-1.32,300.00,"4,439,167.00"
907,2022-01-31,"14,505.10","14,892.00","14,350.00","14,892.00",0.63,790.00,"11,467,461.80"
908,2022-01-30,"14,586.00","14,877.70","14,585.00","14,798.90",3.49,570.00,"8,434,012.20"
909,2022-01-27,"14,280.00","14,400.00","14,125.00","14,300.00",2.14,323.00,"4,611,900.00"
910,2022-01-26,"13,950.00","14,200.00","13,900.00","14,000.00",-1.41,580.00,"8,124,351.00"
911,2022-01-25,"14,500.00","14,660.00","14,200.00","14,200.00",-1.39,710.00,"10,239,470.00"
912,2022-01-24,"14,950.00","14,950.00","14,300.00","14,400.00",-2.7,419.00,"6,064,251.50"
913,2022-01-23,"14,260.00","15,385.00","14,260.00","14,800.00",2.78,"1,638.00","24,354,057.30"
914,2022-01-20,"14,501.00","14,790.00","14,161.00","14,400.00",-1.84,"2,157.00","30,929,445.50"
915,2022-01-19,"15,244.90","15,244.90","14,670.00","14,670.00",-2.2,554.00,"8,181,312.00"
916,2022-01-18,"14,995.00","15,060.00","14,995.00","15,000.00",-1.95,180.00,"2,704,141.50"
917,2022-01-17,"15,164.00","15,340.00","15,064.00","15,299.00",0.84,255.00,"3,867,656.00"
918,2022-01-16,"15,499.00","15,500.00","14,926.00","15,172.00",-2.97,845.00,"12,774,485.00"
919,2022-01-13,"15,961.90","15,961.90","15,100.00","15,636.90",-0.08,240.00,"3,660,338.00"
920,2022-01-12,"15,658.00","16,100.00","15,044.00","15,649.00",1.94,"2,066.00","31,493,630.00"
921,2022-01-11,"15,175.10","15,786.00","15,050.00","15,351.00",-0.86,"1,370.00","20,970,113.00"
922,2022-01-10,"15,884.00","16,525.00","14,943.90","15,483.80",-0.57,950.00,"14,542,561.00"
923,2022-01-09,"16,000.00","16,645.00","15,573.00","15,573.00",-0.81,500.00,"7,893,196.00"
924,2022-01-06,"16,250.00","16,250.00","15,700.00","15,700.00",-1.57,331.00,"5,276,675.00"
925,2022-01-05,"16,400.00","16,400.00","15,533.00","15,950.00",-1.32,"1,474.00","23,531,243.00"
926,2022-01-04,"16,700.00","17,670.00","16,163.70","16,163.70",-1.43,550.00,"9,215,095.00"
927,2022-01-03,"15,891.60","17,100.00","15,239.00","16,399.00",5.26,"1,191.00","19,103,496.00"
928,2022-01-02,"15,400.00","16,116.00","14,895.10","15,580.00",2.51,"1,050.00","16,288,446.00"
929,2021-12-29,"14,798.00","16,000.00","14,550.00","15,199.00",0.66,"1,014.00","15,064,395.00"
930,2021-12-28,"15,147.00","15,270.00","14,845.00","15,100.00",1.68,431.00,"6,534,238.00"
931,2021-12-27,"14,889.00","16,000.00","14,850.00","14,850.00",1.73,"1,285.00","19,984,041.70"
932,2021-12-26,"13,566.00","14,630.00","13,566.00","14,598.00",9.76,"1,484.00","21,167,378.00"
933,2021-12-23,"13,015.00","13,300.00","12,800.00","13,300.00",0.15,718.00,"9,379,280.00"
934,2021-12-22,"12,650.00","13,424.00","12,650.00","13,280.00",5.4,265.00,"3,445,170.00"
935,2021-12-21,"11,775.00","12,820.00","11,775.00","12,600.00",5.0,"1,101.00","13,596,440.00"
936,2021-12-20,"11,780.00","12,000.00","11,088.70","12,000.00",-0.17,"1,121.00","12,700,631.00"
937,2021-12-16,"12,251.00","12,252.00","12,006.00","12,020.00",-3.84,50.00,"605,410.00"
938,2021-12-15,"12,750.00","12,750.00","12,496.00","12,500.00",0.0,105.00,"1,320,360.00"
939,2021-12-14,"12,484.00","12,500.00","12,484.00","12,500.00",2.12,105.00,"1,311,930.00"
940,2021-12-13,"11,845.20","12,324.00","11,845.20","12,240.00",5.4,310.00,"3,768,847.00"
941,2021-12-12,"12,226.00","12,226.00","11,613.00","11,613.00",-6.2,460.00,"5,480,915.00"
942,2021-12-09,"11,760.00","12,380.00","11,560.20","12,380.00",3.17,190.00,"2,297,042.00"
943,2021-12-08,"12,330.00","12,820.00","12,000.00","12,000.00",-4.59,675.00,"8,249,651.00"
944,2021-12-07,"12,840.00","13,095.00","12,577.40","12,577.40",-0.18,570.00,"7,195,042.00"
945,2021-12-06,"11,899.00","12,600.00","11,282.00","12,600.00",7.37,691.00,"8,460,035.00"
946,2021-12-05,"11,900.00","12,193.00","11,505.00","11,735.10",0.13,130.00,"1,540,102.00"
947,2021-12-02,"12,442.00","12,442.00","11,715.00","11,720.00",-3.93,438.00,"5,191,723.00"
948,2021-12-01,"11,999.00","12,200.00","11,999.00","12,200.00",2.91,93.00,"1,122,545.00"
949,2021-11-30,"11,650.00","11,859.00","11,630.00","11,855.00",-0.1,266.00,"3,101,809.00"
950,2021-11-29,"12,347.10","12,347.10","11,863.00","11,867.00",-1.97,570.00,"6,848,524.00"
951,2021-11-28,"12,799.00","12,856.00","12,105.00","12,105.00",-3.96,519.00,"6,427,376.00"
952,2021-11-25,"12,750.00","12,800.00","12,604.00","12,604.00",-1.15,260.00,"3,291,900.00"
953,2021-11-24,"12,995.10","12,999.00","12,507.00","12,750.00",-1.92,210.00,"2,683,883.00"
954,2021-11-23,"12,851.00","13,108.00","12,851.00","13,000.00",-0.84,180.00,"2,340,610.00"
955,2021-11-22,"12,905.70","13,160.00","12,905.70","13,110.00",-0.45,368.00,"4,832,827.00"
956,2021-11-21,"13,400.00","13,413.00","12,887.00","13,169.00",0.14,222.00,"2,916,218.00"
957,2021-11-18,"13,050.00","13,459.90","12,741.00","13,150.00",1.15,771.00,"10,082,739.90"
958,2021-11-17,"14,100.00","14,200.00","13,000.00","13,001.00",-7.47,423.00,"5,664,910.00"
959,2021-11-16,"13,267.60","14,308.20","13,267.60","14,051.00",8.02,"1,461.00","20,682,800.00"
960,2021-11-15,"12,061.00","13,007.50","11,821.00","13,007.50",10.0,"2,122.00","26,923,991.50"
961,2021-11-14,"10,965.00","11,825.00","10,825.00","11,825.00",10.0,877.00,"10,006,750.00"
962,2021-11-11,"10,500.00","10,812.00","10,500.00","10,750.00",1.42,446.00,"4,718,251.00"
963,2021-11-09,"10,801.00","10,801.00","10,501.00","10,600.00",-3.79,398.00,"4,227,259.00"
964,2021-11-08,"10,928.00","11,017.00","10,801.00","11,017.00",-1.19,130.00,"1,415,635.00"
965,2021-11-03,"10,962.00","11,149.40","10,962.00","11,149.40",0.28,20.00,"221,114.00"
966,2021-11-02,"10,882.00","11,118.00","10,801.00","11,118.00",2.17,175.00,"1,928,799.00"
967,2021-11-01,"10,905.00","10,905.00","10,882.00","10,882.00",-2.0,80.00,"871,015.00"
968,2021-10-31,"10,400.00","11,330.00","10,400.00","11,104.00",7.81,734.00,"7,960,729.00"
969,2021-10-28,"10,295.00","10,300.00","10,295.00","10,300.00",0.24,50.00,"514,850.00"
970,2021-10-27,"10,270.00","10,300.00","10,270.00","10,275.00",-1.67,147.00,"1,513,250.00"
971,2021-10-26,"10,500.00","10,500.00","10,300.00","10,449.00",0.47,100.00,"1,035,410.00"
972,2021-10-25,"10,300.00","10,400.00","10,207.00","10,400.00",0.97,46.00,"473,440.00"
973,2021-10-24,"10,200.00","10,300.00","10,200.00","10,300.00",2.42,179.00,"1,835,510.00"
974,2021-10-21,"10,251.00","10,456.00","10,057.00","10,057.00",0.07,170.00,"1,746,420.00"
975,2021-10-20,"10,049.00","10,087.00","9,885.30","10,050.00",1.62,270.00,"2,696,993.00"
976,2021-10-19,"10,047.00","10,247.90","9,845.00","9,890.00",0.41,50.00,"500,729.00"
977,2021-10-18,"10,237.70","10,237.70","9,850.00","9,850.00",-1.86,440.00,"4,350,357.00"
978,2021-10-17,"10,241.00","10,241.00","10,037.00","10,037.00",-3.95,70.00,"707,090.00"
979,2021-10-11,"10,450.00","10,450.00","10,450.00","10,450.00",1.46,10.00,"104,500.00"
980,2021-10-10,"10,007.00","10,300.00","10,000.00","10,300.00",1.02,837.00,"8,392,610.00"
981,2021-10-06,"9,801.00","10,195.90","9,800.00","10,195.90",2.47,40.00,"397,929.00"
982,2021-10-05,"10,000.00","10,000.00","9,850.00","9,950.00",-0.46,190.00,"1,880,530.00"
983,2021-10-04,"10,000.00","10,200.00","9,805.00","9,996.00",1.02,432.00,"4,329,094.00"
984,2021-10-03,"9,900.00","9,900.00","9,895.00","9,895.00",-1.97,60.00,"593,950.00"
985,2021-09-30,"10,298.90","10,299.00","9,750.00","10,094.00",-0.06,296.00,"2,975,145.00"
986,2021-09-29,"9,860.00","10,194.90","9,860.00","10,100.00",1.05,146.00,"1,460,468.40"
987,2021-09-28,"9,855.00","9,995.00","9,855.00","9,995.00",1.42,110.00,"1,085,500.00"
988,2021-09-27,"9,900.00","9,900.00","9,855.00","9,855.00",-1.05,200.00,"1,975,500.00"
989,2021-09-26,"10,143.00","10,143.00","9,941.00","9,960.00",-3.77,80.00,"802,088.00"
990,2021-09-23,"10,350.00","10,350.00","10,350.00","10,350.00",1.47,10.00,"103,500.00"
991,2021-09-22,"10,180.00","10,200.00","10,000.00","10,200.00",1.8,330.00,"3,333,800.00"
992,2021-09-21,"9,800.00","10,020.00","9,800.00","10,020.00",2.24,90.00,"892,730.00"
993,2021-09-20,"10,100.00","10,100.00","9,750.00","9,800.00",-3.16,581.00,"5,723,120.00"
994,2021-09-16,"10,300.00","10,300.00","10,120.00","10,120.00",-1.84,227.00,"2,313,471.00"
995,2021-09-15,"10,290.00","10,310.00","10,242.00","10,310.00",0.19,200.00,"2,059,530.00"
996,2021-09-14,"10,265.00","10,400.00","10,265.00","10,290.00",0.59,160.00,"1,656,550.00"
997,2021-09-13,"10,131.00","10,590.60","10,131.00","10,230.00",-0.28,264.00,"2,725,461.00"
998,2021-09-12,"10,094.00","10,259.00","10,094.00","10,259.00",1.63,40.00,"407,030.00"
999,2021-09-09,"10,302.10","10,399.00","9,925.00","10,094.00",-0.06,710.00,"7,179,146.00"
1000,2021-09-08,"10,600.00","10,600.00","10,100.10","10,100.10",-4.72,415.00,"4,280,502.00"
1001,2021-09-07,"10,699.00","10,699.00","10,485.10","10,600.00",-0.93,195.00,"2,051,970.00"
1002,2021-09-06,"9,950.00","10,699.00","9,950.00","10,699.00",9.16,130.00,"1,340,000.00"
1003,2021-09-05,"10,350.00","10,350.00","9,801.00","9,801.00",-6.3,580.00,"5,784,332.00"
1004,2021-09-02,"10,310.00","10,491.00","10,310.00","10,460.00",-0.3,110.00,"1,148,790.00"
1005,2021-09-01,"10,580.00","10,580.00","10,491.00","10,491.00",-0.84,170.00,"1,785,260.00"
1006,2021-08-31,"10,700.00","10,965.00","10,400.00","10,580.00",0.66,570.00,"6,028,798.00"
1007,2021-08-29,"10,856.00","10,856.00","10,511.00","10,511.00",-1.31,197.00,"2,106,100.00"
1008,2021-08-26,"10,601.00","10,813.00","10,601.00","10,650.00",-0.93,190.00,"2,036,351.00"
1009,2021-08-25,"10,720.00","10,901.00","10,720.00","10,750.00",0.28,665.00,"7,204,140.00"
1010,2021-08-24,"10,800.00","10,900.00","10,631.10","10,720.00",-0.74,330.00,"3,541,691.00"
1011,2021-08-19,"11,000.00","11,016.00","10,790.00","10,800.00",0.0,250.00,"2,724,620.00"
1012,2021-08-18,"10,900.00","10,996.00","10,672.20","10,800.00",-0.83,560.00,"6,047,946.00"
1013,2021-08-17,"10,990.00","11,000.00","10,887.00","10,890.00",0.06,355.00,"3,891,020.00"
1014,2021-08-16,"11,000.00","11,105.00","10,811.00","10,883.00",-1.05,485.00,"5,302,885.00"
1015,2021-08-15,"10,800.00","11,500.00","10,790.00","10,999.00",1.94,"1,720.00","18,887,303.00"
1016,2021-08-12,"10,660.00","11,010.00","10,610.00","10,790.00",1.2,100.00,"1,073,874.00"
1017,2021-08-11,"10,660.00","10,980.00","10,660.00","10,662.00",-1.28,310.00,"3,325,344.00"
1018,2021-08-10,"10,651.00","10,862.00","10,651.00","10,800.00",1.41,160.00,"1,723,600.00"
1019,2021-08-09,"10,700.00","10,700.00","10,600.00","10,650.00",-0.47,180.00,"1,916,110.00"
1020,2021-08-08,"10,800.00","10,800.00","10,600.00","10,700.20",-2.73,370.00,"3,940,334.00"
1021,2021-08-05,"10,691.00","11,000.00","10,625.00","11,000.00",0.92,357.00,"3,890,606.00"
1022,2021-08-04,"10,900.00","10,900.00","10,900.00","10,900.00",0.0,30.00,"327,000.00"
1023,2021-08-03,"10,944.00","10,944.00","10,810.00","10,900.00",1.58,90.00,"976,940.00"
1024,2021-08-02,"10,903.80","11,120.00","10,730.00","10,730.00",0.37,100.00,"1,082,188.00"
1025,2021-08-01,"11,123.00","11,123.00","10,690.00","10,690.00",-1.98,320.00,"3,473,520.00"
1026,2021-07-29,"10,870.00","11,128.20","10,692.00","10,905.80",-0.86,475.00,"5,151,186.00"
1027,2021-07-28,"11,299.00","11,300.00","10,860.00","11,000.00",-0.9,290.00,"3,212,260.00"
1028,2021-07-27,"11,220.00","11,220.00","11,100.00","11,100.00",-2.2,170.00,"1,894,330.00"
1029,2021-07-26,"11,330.00","11,360.00","11,251.00","11,350.00",0.0,250.00,"2,825,350.00"
1030,2021-07-25,"11,000.00","11,350.00","10,960.00","11,350.00",3.65,690.00,"7,754,600.00"
1031,2021-07-22,"10,950.00","11,100.00","10,871.00","10,950.00",-0.64,240.00,"2,635,930.00"
1032,2021-07-20,"11,000.00","11,026.20","10,810.00","11,020.00",0.55,340.00,"3,728,092.00"
1033,2021-07-19,"11,000.00","11,000.00","10,640.00","10,959.90",1.48,175.00,"1,890,089.00"
1034,2021-07-18,"10,300.00","10,957.00","10,300.00","10,800.00",5.24,580.00,"6,163,425.00"
1035,2021-07-15,"10,250.00","10,262.00","10,061.00","10,262.00",0.39,180.00,"1,838,370.00"
1036,2021-07-13,"10,222.00","10,222.00","10,222.00","10,222.00",2.0,10.00,"102,220.00"
1037,2021-07-12,"10,616.00","10,616.00","10,020.00","10,022.00",-3.83,160.00,"1,647,580.00"
1038,2021-07-11,"10,140.00","10,609.00","10,140.00","10,421.00",4.22,195.00,"2,023,250.00"
1039,2021-07-08,"10,100.00","10,100.00","9,999.00","9,999.00",-0.51,40.00,"400,990.00"
1040,2021-07-06,"10,000.00","10,200.00","9,996.00","10,050.00",0.9,140.00,"1,412,410.00"
1041,2021-07-05,"9,810.00","9,960.00","9,810.00","9,960.00",1.53,97.00,"960,600.00"
1042,2021-07-04,"9,810.00","9,810.00","9,801.00","9,810.00",-0.17,100.00,"980,820.00"
1043,2021-07-01,"10,000.00","10,000.00","9,827.00","9,827.00",0.23,108.00,"1,075,146.00"
1044,2021-06-30,"9,999.00","9,999.00","9,800.00","9,804.00",-0.98,268.00,"2,640,974.00"
1045,2021-06-29,"9,900.00","9,996.00","9,800.00","9,901.00",-0.19,249.00,"2,458,230.00"
1046,2021-06-28,"9,900.00","10,098.00","9,900.00","9,920.00",0.13,205.00,"2,032,940.00"
1047,2021-06-27,"9,910.00","10,000.00","9,900.00","9,907.00",-1.94,385.00,"3,821,770.00"
1048,2021-06-24,"10,100.00","10,103.00","10,100.00","10,103.00",-1.14,120.00,"1,212,060.00"
1049,2021-06-23,"10,250.00","10,250.00","10,050.00","10,219.00",0.14,90.00,"915,790.00"
1050,2021-06-22,"10,161.00","10,399.00","10,161.00","10,205.00",2.44,170.00,"1,748,890.00"
1051,2021-06-21,"10,179.00","10,179.00","9,960.00","9,962.00",-3.75,440.00,"4,419,160.00"
1052,2021-06-20,"10,401.00","10,605.00","10,350.00","10,350.00",-1.9,260.00,"2,700,210.00"
1053,2021-06-17,"10,500.00","10,560.00","10,430.00","10,550.00",0.0,192.00,"2,017,260.00"
1054,2021-06-16,"10,460.00","10,638.00","10,430.00","10,550.00",-0.86,225.00,"2,370,050.00"
1055,2021-06-15,"10,700.00","10,847.00","10,635.00","10,642.00",-1.92,280.00,"2,988,920.00"
1056,2021-06-14,"11,000.00","11,100.00","10,850.00","10,850.00",-1.72,469.00,"5,127,950.00"
1057,2021-06-13,"10,996.00","11,100.00","10,790.00","11,040.00",2.4,385.00,"4,205,030.00"
1058,2021-06-10,"11,225.00","11,445.00","10,570.00","10,781.00",-2.04,820.00,"8,845,960.00"
1059,2021-06-09,"10,500.00","11,028.00","10,290.00","11,005.00",5.56,810.00,"8,637,945.00"
1060,2021-06-08,"10,400.00","10,425.00","10,400.00","10,425.00",0.24,70.00,"728,460.00"
1061,2021-06-07,"10,450.00","10,580.00","10,400.00","10,400.00",0.97,210.00,"2,202,660.00"
1062,2021-06-06,"10,496.00","10,496.00","10,287.00","10,300.00",-1.87,241.00,"2,487,440.00"
1063,2021-06-03,"10,710.00","10,710.00","10,496.00","10,496.00",-0.04,205.00,"2,156,448.00"
1064,2021-06-02,"10,302.00","10,710.00","10,301.00","10,500.00",-0.02,352.00,"3,710,312.00"
1065,2021-06-01,"10,710.00","10,710.00","10,500.00","10,502.00",0.02,206.00,"2,167,372.00"
1066,2021-05-31,"11,544.00","11,544.00","10,500.00","10,500.00",-4.5,359.00,"3,856,770.00"
1067,2021-05-30,"11,100.00","11,100.00","10,550.00","10,995.00",-0.95,"1,040.00","11,180,890.00"
1068,2021-05-27,"11,107.00","11,107.00","10,550.00","11,100.00",1.93,957.00,"10,360,485.00"
1069,2021-05-25,"10,801.00","10,890.00","10,594.00","10,890.00",0.82,200.00,"2,161,850.00"
1070,2021-05-24,"10,918.00","11,000.00","10,700.00","10,801.00",-3.04,310.00,"3,372,900.00"
1071,2021-05-23,"10,496.00","11,250.00","10,496.00","11,140.00",4.01,445.00,"4,938,070.00"
1072,2021-05-20,"11,000.00","11,016.00","10,707.00","10,710.00",-0.83,81.00,"882,330.00"
1073,2021-05-19,"11,021.00","11,189.00","10,788.00","10,800.00",-3.83,700.00,"7,639,250.00"
1074,2021-05-18,"11,270.00","11,420.00","11,150.00","11,230.00",-0.36,635.00,"7,141,095.00"
1075,2021-05-17,"11,170.00","11,400.00","11,170.00","11,271.00",-0.91,370.00,"4,176,125.00"
1076,2021-05-16,"11,500.00","11,500.00","11,150.00","11,375.00",-2.36,658.00,"7,484,095.00"
1077,2021-05-13,"11,624.00","12,178.00","11,235.00","11,650.00",5.23,"3,328.00","39,704,610.00"
1078,2021-05-12,"10,568.00","11,071.00","10,568.00","11,071.00",10.0,"1,105.00","12,202,065.00"
1079,2021-05-11,"9,333.00","10,065.00","9,333.00","10,065.00",10.0,"1,582.00","15,520,605.00"
1080,2021-05-10,"9,010.00","9,150.00","9,010.00","9,150.00",1.43,90.00,"818,090.00"
1081,2021-05-09,"9,021.00","9,021.00","9,021.00","9,021.00",-1.95,10.00,"90,210.00"
1082,2021-05-06,"9,111.00","9,215.00","9,100.00","9,200.00",0.0,263.00,"2,402,768.00"
1083,2021-05-05,"9,175.00","9,200.00","9,175.00","9,200.00",0.76,80.00,"735,540.00"
1084,2021-05-04,"9,115.00","9,140.00","9,112.00","9,131.00",-0.97,63.00,"574,743.00"
1085,2021-05-03,"9,393.00","9,393.00","9,220.00","9,220.00",0.11,50.00,"464,460.00"
1086,2021-05-02,"9,205.00","9,210.00","9,205.00","9,210.00",0.11,20.00,"184,150.00"
1087,2021-04-29,"9,390.00","9,390.00","9,101.00","9,200.00",-0.16,87.00,"801,867.00"
1088,2021-04-28,"8,963.00","9,665.00","8,963.00","9,215.00",4.86,200.00,"1,873,270.00"
1089,2021-04-26,"9,066.00","9,148.00","8,788.00","8,788.00",-1.15,327.00,"2,928,197.00"
1090,2021-04-25,"9,586.00","9,586.00","8,885.00","8,890.00",-2.63,315.00,"2,873,145.00"
1091,2021-04-22,"8,912.00","9,130.00","8,912.00","9,130.00",1.73,57.00,"516,750.00"
1092,2021-04-21,"9,003.00","9,003.00","8,975.00","8,975.00",-0.39,90.00,"809,280.00"
1093,2021-04-20,"9,001.00","9,299.00","9,000.00","9,010.00",-1.31,425.00,"3,845,180.00"
1094,2021-04-19,"9,106.00","9,282.00","9,100.00","9,130.00",-1.62,140.00,"1,277,830.00"
1095,2021-04-18,"9,421.00","9,421.00","9,100.00","9,280.00",-3.32,315.00,"2,910,840.00"
1096,2021-04-15,"9,650.00","9,699.00","9,391.00","9,599.00",-0.01,452.00,"4,309,658.00"
1097,2021-04-13,"9,321.00","9,639.00","9,310.00","9,600.00",1.06,277.00,"2,623,775.00"
1098,2021-04-12,"9,486.00","9,500.00","9,321.00","9,499.00",2.14,360.00,"3,415,780.00"
1099,2021-04-08,"8,836.00","9,650.00","8,836.00","9,300.00",0.0,362.00,"3,433,560.00"
1100,2021-04-07,"9,396.00","9,450.00","9,300.00","9,300.00",0.96,314.00,"2,944,682.00"
1101,2021-04-06,"9,300.00","9,300.00","9,212.00","9,212.00",-2.0,62.00,"575,544.00"
1102,2021-04-05,"9,650.00","9,657.00","9,400.00","9,400.00",-0.72,305.00,"2,905,460.00"
1103,2021-04-04,"9,101.00","9,468.00","9,101.00","9,468.00",4.04,70.00,"649,840.00"
1104,2021-04-01,"9,282.00","9,370.00","9,100.00","9,100.00",0.0,220.00,"2,036,220.00"
1105,2021-03-31,"9,410.00","9,410.00","9,100.00","9,100.00",-3.19,180.00,"1,667,870.00"
1106,2021-03-30,"9,350.00","9,450.00","9,300.00","9,400.00",-1.05,200.00,"1,869,970.00"
1107,2021-03-29,"9,500.00","9,883.00","9,331.00","9,500.00",0.0,110.00,"1,051,290.00"
1108,2021-03-25,"9,113.00","9,828.00","9,100.00","9,500.00",6.32,"1,986.00","19,131,289.00"
1109,2021-03-24,"9,050.00","9,100.00","8,935.00","8,935.00",0.4,50.00,"452,390.00"
1110,2021-03-23,"8,713.00","9,060.00","8,713.00","8,899.00",0.1,282.00,"2,530,740.00"
1111,2021-03-22,"8,890.00","8,890.00","8,890.00","8,890.00",0.07,10.00,"88,900.00"
1112,2021-03-21,"8,845.00","8,990.00","8,710.00","8,884.00",0.71,230.00,"2,023,892.00"
1113,2021-03-18,"9,090.00","9,090.00","8,821.00","8,821.00",-2.15,180.00,"1,597,310.00"
1114,2021-03-17,"8,874.00","9,015.00","8,874.00","9,015.00",3.62,190.00,"1,708,370.00"
1115,2021-03-16,"8,660.00","8,700.00","8,660.00","8,700.00",-1.37,60.00,"521,600.00"
1116,2021-03-15,"9,180.00","9,180.00","8,821.00","8,821.00",-1.99,310.00,"2,776,960.00"
1117,2021-03-14,"8,839.00","9,000.00","8,700.00","9,000.00",-0.21,380.00,"3,355,520.00"
1118,2021-03-10,"8,328.00","9,019.00","8,328.00","9,019.00",6.29,265.00,"2,261,960.00"
1119,2021-03-09,"8,644.00","8,644.00","8,485.00","8,485.00",-1.84,50.00,"426,120.00"
1120,2021-03-07,"8,900.00","8,900.00","8,644.00","8,644.00",-3.96,175.00,"1,536,920.00"
1121,2021-03-04,"8,660.00","9,000.00","8,650.00","9,000.00",5.88,430.00,"3,825,320.00"
1122,2021-03-03,"8,900.00","8,900.00","8,378.00","8,500.00",-0.93,555.00,"4,701,980.00"
1123,2021-03-02,"8,700.00","8,700.00","8,570.00","8,580.00",-0.69,106.00,"914,436.00"
1124,2021-03-01,"8,600.00","8,670.00","8,550.00","8,640.00",1.65,244.00,"2,097,942.00"
1125,2021-02-28,"8,750.00","8,750.00","8,400.00","8,500.00",-2.58,310.00,"2,627,240.00"
1126,2021-02-25,"9,078.00","9,078.00","8,725.00","8,725.00",-1.97,80.00,"709,030.00"
1127,2021-02-24,"8,874.00","9,051.00","8,800.00","8,900.00",2.3,95.00,"846,150.00"
1128,2021-02-23,"8,900.00","8,900.00","8,624.00","8,700.00",-3.02,292.00,"2,540,030.00"
1129,2021-02-22,"8,910.00","9,000.00","8,722.00","8,971.00",0.8,625.00,"5,516,685.00"
1130,2021-02-21,"9,100.00","9,120.00","8,900.00","8,900.00",-2.2,230.00,"2,057,810.00"
1131,2021-02-18,"9,190.00","9,199.00","9,058.00","9,100.00",0.0,130.00,"1,185,720.00"
1132,2021-02-17,"9,430.00","9,431.00","9,010.00","9,100.00",-1.6,220.00,"2,014,570.00"
1133,2021-02-16,"9,419.00","9,420.00","9,150.00","9,248.00",-3.78,250.00,"2,308,270.00"
1134,2021-02-15,"9,081.00","9,611.00","9,081.00","9,611.00",5.85,418.00,"3,847,418.00"
1135,2021-02-14,"8,918.00","9,095.00","8,918.00","9,080.00",-0.21,70.00,"630,930.00"
1136,2021-02-11,"9,035.00","9,233.00","9,000.00","9,099.00",-1.1,337.00,"3,065,190.00"
1137,2021-02-10,"9,350.00","9,414.00","8,980.00","9,200.00",-3.16,714.00,"6,553,459.00"
1138,2021-02-09,"9,460.00","9,550.00","9,400.00","9,500.00",0.15,70.00,"663,410.00"
1139,2021-02-08,"9,792.00","9,792.00","9,467.00","9,486.00",-1.19,470.00,"4,518,220.00"
1140,2021-02-07,"9,488.00","9,600.00","9,317.00","9,600.00",3.2,910.00,"8,639,320.00"
1141,2021-02-04,"9,250.00","9,435.00","9,247.00","9,302.00",2.22,255.00,"2,384,880.00"
1142,2021-02-03,"9,396.00","9,583.00","9,063.00","9,100.00",-1.22,450.00,"4,114,990.00"
1143,2021-02-02,"9,300.00","9,868.00","9,212.00","9,212.00",0.12,273.00,"2,561,736.00"
1144,2021-02-01,"9,350.00","9,384.00","9,201.00","9,201.00",0.01,190.00,"1,761,320.00"
1145,2021-01-31,"9,550.00","9,689.00","9,136.00","9,200.00",-5.15,865.00,"8,111,725.00"
1146,2021-01-28,"9,948.00","9,950.00","9,672.00","9,700.00",-2.02,240.00,"2,348,290.00"
1147,2021-01-27,"9,900.00","10,000.00","9,760.00","9,900.00",1.54,687.00,"6,772,590.00"
1148,2021-01-26,"9,330.00","10,065.00","9,330.00","9,750.00",6.56,"1,286.00","12,417,886.00"
1149,2021-01-25,"9,148.00","9,298.00","9,100.00","9,150.00",0.97,"1,039.00","9,538,003.00"
1150,2021-01-24,"9,036.00","9,180.00","9,036.00","9,062.00",0.69,475.00,"4,328,695.00"
1151,2021-01-21,"9,181.00","9,181.00","9,000.00","9,000.00",-0.01,476.00,"4,321,440.00"
1152,2021-01-20,"9,145.00","9,150.00","9,000.00","9,001.00",-1.52,291.00,"2,652,681.00"
1153,2021-01-19,"9,078.00","9,140.00","8,900.00","9,140.00",2.7,256.00,"2,310,502.00"
1154,2021-01-18,"9,030.00","9,030.00","8,860.00","8,900.00",-1.44,185.00,"1,647,540.00"
1155,2021-01-17,"9,010.00","9,107.00","8,870.00","9,030.00",0.6,189.00,"1,702,108.00"
1156,2021-01-13,"8,925.00","8,976.00","8,800.00","8,976.00",2.58,65.00,"579,895.00"
1157,2021-01-12,"8,681.00","8,799.00","8,681.00","8,750.00",-0.57,188.00,"1,642,830.00"
1158,2021-01-11,"8,880.00","8,890.00","8,800.00","8,800.00",-0.83,70.00,"619,900.00"
1159,2021-01-10,"8,821.00","8,997.00","8,700.00","8,874.00",0.6,495.00,"4,362,065.00"
1160,2021-01-07,"8,800.00","9,001.00","8,800.00","8,821.00",-0.9,80.00,"709,950.00"
1161,2021-01-06,"9,100.00","9,100.00","8,900.00","8,901.00",-3.77,142.00,"1,276,310.00"
1162,2021-01-05,"9,028.00","9,392.00","9,028.00","9,250.00",0.41,140.00,"1,293,360.00"
1163,2021-01-04,"9,610.00","9,790.00","9,212.00","9,212.00",-2.23,260.00,"2,447,770.00"
1164,2021-01-03,"8,850.00","9,755.00","8,850.00","9,422.00",6.24,965.00,"9,223,805.00"
1165,2020-12-31,"8,670.00","8,990.00","8,670.00","8,869.00",4.34,252.00,"2,232,435.00"
1166,2020-12-30,"8,400.00","8,500.00","8,400.00","8,500.00",1.32,60.00,"507,100.00"
1167,2020-12-29,"8,225.00","8,389.00","8,225.00","8,389.00",0.3,20.00,"166,140.00"
1168,2020-12-28,"8,120.00","8,364.00","8,115.00","8,364.00",1.01,100.00,"822,410.00"
1169,2020-12-27,"8,300.00","8,300.00","8,120.00","8,280.00",0.0,167.00,"1,366,350.00"
1170,2020-12-24,"8,400.00","8,400.00","8,280.00","8,280.00",-3.16,160.00,"1,336,370.00"
1171,2020-12-23,"8,651.00","8,651.00","8,550.00","8,550.00",0.0,190.00,"1,638,510.00"
1172,2020-12-22,"8,160.00","8,800.00","8,160.00","8,550.00",6.88,300.00,"2,600,650.00"
1173,2020-12-21,"8,036.00","8,149.00","8,000.00","8,000.00",-2.44,260.00,"2,091,180.00"
1174,2020-12-20,"8,600.00","8,600.00","8,200.00","8,200.00",-3.93,475.00,"3,975,350.00"
1175,2020-12-17,"8,650.00","8,702.00","8,535.00","8,535.00",-1.92,230.00,"1,989,495.00"
1176,2020-12-16,"8,626.00","8,800.00","8,625.00","8,702.00",-1.11,155.00,"1,354,410.00"
1177,2020-12-15,"9,000.00","9,000.00","8,800.00","8,800.00",-0.56,625.00,"5,545,400.00"
1178,2020-12-14,"8,500.00","8,850.00","8,500.00","8,850.00",4.12,440.00,"3,782,950.00"
1179,2020-12-13,"8,610.00","8,700.00","8,401.00","8,500.00",-2.19,500.00,"4,248,450.00"
1180,2020-12-10,"9,000.00","9,000.00","8,624.00","8,690.00",-2.32,186.00,"1,622,100.00"
1181,2020-12-09,"8,722.00","8,896.00","8,722.00","8,896.00",-0.04,20.00,"176,180.00"
1182,2020-12-08,"9,231.00","9,400.00","8,880.00","8,900.00",-1.66,350.00,"3,163,090.00"
1183,2020-12-07,"8,640.00","9,051.00","8,640.00","9,050.00",2.84,465.00,"4,135,130.00"
1184,2020-12-06,"8,918.00","9,096.00","8,800.00","8,800.00",-3.3,280.00,"2,505,650.00"
1185,2020-12-03,"9,790.00","9,900.00","9,000.00","9,100.00",-5.2,600.00,"5,603,215.00"
1186,2020-12-02,"8,996.00","9,603.00","8,990.00","9,599.00",8.83,795.00,"7,281,030.00"
1187,2020-12-01,"9,500.00","9,500.00","8,820.00","8,820.00",-5.32,882.00,"7,968,974.00"
1188,2020-11-30,"10,000.00","10,200.00","9,316.00","9,316.00",-5.42,730.00,"7,025,280.00"
1189,2020-11-29,"9,900.00","10,800.00","9,800.00","9,850.00",-1.4,659.00,"6,713,230.00"
1190,2020-11-26,"10,800.00","11,000.00","9,981.00","9,990.00",-5.67,815.00,"8,460,960.00"
1191,2020-11-25,"10,417.00","11,440.00","10,290.00","10,591.00",1.84,"2,347.00","24,807,728.00"
1192,2020-11-24,"9,644.00","10,400.00","9,644.00","10,400.00",9.99,"2,484.00","25,141,782.00"
1193,2020-11-23,"9,476.00","9,790.00","9,359.00","9,455.00",1.77,"1,140.00","10,955,630.00"
1194,2020-11-22,"9,475.00","10,219.00","9,176.00","9,291.00",0.01,"1,862.00","18,135,380.00"
1195,2020-11-19,"8,868.00","9,290.00","8,868.00","9,290.00",9.99,"1,814.00","16,800,960.00"
1196,2020-11-18,"7,832.00","8,446.00","7,832.00","8,446.00",9.99,370.00,"3,109,930.00"
1197,2020-11-12,"7,798.00","7,798.00","7,640.00","7,679.00",0.43,110.00,"844,280.00"
1198,2020-11-11,"7,497.00","7,646.00","7,450.00","7,646.00",4.03,180.00,"1,369,310.00"
1199,2020-11-10,"7,475.00","7,497.00","7,348.00","7,350.00",0.0,70.00,"518,670.00"
1200,2020-11-09,"7,000.00","7,550.00","7,000.00","7,350.00",6.91,265.00,"1,913,210.00"
1201,2020-11-08,"6,700.00","6,920.00","6,700.00","6,875.00",3.31,115.00,"784,290.00"
1202,2020-11-05,"6,655.00","6,655.00","6,655.00","6,655.00",0.05,10.00,"66,550.00"
1203,2020-11-04,"6,700.00","6,700.00","6,652.00","6,652.00",-0.72,60.00,"400,370.00"
1204,2020-11-03,"6,700.00","6,700.00","6,700.00","6,700.00",1.73,40.00,"268,000.00"
1205,2020-11-02,"6,630.00","6,730.00","6,586.00","6,586.00",1.32,240.00,"1,603,070.00"
1206,2020-11-01,"6,550.00","6,565.00","6,500.00","6,500.00",-0.91,50.00,"327,150.00"
1207,2020-10-20,"6,550.00","6,670.00","6,550.00","6,560.00",0.15,330.00,"2,162,900.00"
1208,2020-10-19,"6,500.00","6,550.00","6,500.00","6,550.00",0.77,275.00,"1,789,025.00"
1209,2020-10-18,"6,490.00","6,500.00","6,490.00","6,500.00",0.0,30.00,"194,900.00"
1210,2020-10-15,"6,500.00","6,500.00","6,500.00","6,500.00",-1.96,40.00,"260,000.00"
1211,2020-10-14,"6,630.00","6,630.00","6,630.00","6,630.00",2.0,10.00,"66,300.00"
1212,2020-10-13,"6,620.00","6,630.00","6,500.00","6,500.00",-1.81,90.00,"592,700.00"
1213,2020-10-12,"6,600.00","6,620.00","6,600.00","6,620.00",0.3,60.00,"397,000.00"
1214,2020-10-11,"6,600.00","6,600.00","6,600.00","6,600.00",1.54,50.00,"330,000.00"
1215,2020-10-08,"6,500.00","6,500.00","6,500.00","6,500.00",-1.59,10.00,"65,000.00"
1216,2020-10-07,"6,695.00","6,700.00","6,605.00","6,605.00",-1.42,90.00,"601,030.00"
1217,2020-10-06,"6,475.00","6,736.00","6,475.00","6,700.00",5.53,60.00,"399,870.00"
1218,2020-10-04,"6,650.00","6,650.00","6,349.00","6,349.00",-3.95,90.00,"585,340.00"
1219,2020-10-01,"6,696.00","6,696.00","6,581.00","6,610.00",0.61,66.00,"437,140.00"
1220,2020-09-30,"6,570.00","6,570.00","6,570.00","6,570.00",-1.9,24.00,"157,680.00"
1221,2020-09-29,"6,699.00","6,700.00","6,697.00","6,697.00",1.47,40.00,"267,950.00"
1222,2020-09-27,"6,600.00","6,600.00","6,600.00","6,600.00",-0.39,40.00,"264,000.00"
1223,2020-09-24,"6,666.00","6,688.00","6,625.00","6,626.00",1.05,190.00,"1,259,890.00"
1224,2020-09-22,"6,605.00","6,605.00","6,556.00","6,557.00",-0.65,110.00,"721,740.00"
1225,2020-09-21,"6,594.00","6,600.00","6,501.00","6,600.00",2.07,250.00,"1,640,520.00"
1226,2020-09-20,"6,554.00","6,590.00","6,466.00","6,466.00",-1.76,60.00,"392,170.00"
1227,2020-09-17,"6,582.00","6,582.00","6,582.00","6,582.00",-1.47,10.00,"65,820.00"
1228,2020-09-16,"6,666.00","6,680.00","6,666.00","6,680.00",-0.3,50.00,"333,700.00"
1229,2020-09-15,"6,570.00","6,700.00","6,570.00","6,700.00",1.98,50.00,"333,350.00"
1230,2020-09-14,"6,640.00","6,700.00","6,570.00","6,570.00",-3.03,50.00,"332,100.00"
1231,2020-09-13,"6,545.00","6,777.00","6,545.00","6,775.00",5.53,145.00,"961,615.00"
1232,2020-09-10,"6,400.00","6,477.00","6,350.00","6,420.00",-0.47,210.00,"1,343,510.00"
1233,2020-09-09,"6,396.00","6,500.00","6,396.00","6,450.00",2.85,105.00,"675,935.00"
1234,2020-09-08,"6,271.00","6,271.00","6,271.00","6,271.00",1.98,10.00,"62,710.00"
1235,2020-09-07,"6,397.00","6,397.00","6,149.00","6,149.00",-1.96,185.00,"1,147,505.00"
1236,2020-09-06,"6,278.00","6,278.00","6,272.00","6,272.00",-2.0,95.00,"596,110.00"
1237,2020-09-02,"6,400.00","6,488.00","6,400.00","6,400.00",0.08,50.00,"320,880.00"
1238,2020-08-30,"6,350.00","6,395.00","6,350.00","6,395.00",1.96,30.00,"191,250.00"
1239,2020-08-27,"6,272.00","6,272.00","6,272.00","6,272.00",-2.0,35.00,"219,520.00"
1240,2020-08-25,"6,400.00","6,400.00","6,400.00","6,400.00",-0.68,10.00,"64,000.00"
1241,2020-08-24,"6,330.00","6,444.00","6,330.00","6,444.00",1.48,30.00,"191,740.00"
1242,2020-08-23,"6,257.00","6,350.00","6,257.00","6,350.00",3.5,35.00,"221,170.00"
1243,2020-08-20,"6,136.00","6,136.00","6,135.00","6,135.00",-2.0,20.00,"122,710.00"
1244,2020-08-19,"6,250.00","6,260.00","6,250.00","6,260.00",-0.32,35.00,"218,950.00"
1245,2020-08-18,"6,300.00","6,300.00","6,280.00","6,280.00",-0.25,65.00,"409,200.00"
1246,2020-08-17,"6,294.00","6,296.00","6,294.00","6,296.00",1.76,50.00,"314,760.00"
1247,2020-08-16,"6,174.00","6,187.00","6,099.00","6,187.00",-0.53,65.00,"399,015.00"
1248,2020-08-13,"6,300.00","6,300.00","6,220.00","6,220.00",-2.05,110.00,"685,170.00"
1249,2020-08-12,"6,360.00","6,360.00","6,350.00","6,350.00",-1.55,30.00,"190,600.00"
1250,2020-08-11,"6,450.00","6,450.00","6,450.00","6,450.00",0.0,50.00,"322,500.00"
1251,2020-08-10,"6,450.00","6,450.00","6,450.00","6,450.00",1.91,10.00,"64,500.00"
1252,2020-08-06,"6,206.00","6,329.00","6,205.00","6,329.00",0.46,50.00,"312,740.00"
1253,2020-08-05,"6,300.00","6,301.00","6,300.00","6,300.00",-1.85,80.00,"504,010.00"
1254,2020-08-03,"6,550.00","6,550.00","6,419.00","6,419.00",-0.76,30.00,"194,690.00"
1255,2020-08-02,"6,501.00","6,501.00","6,468.00","6,468.00",-2.0,50.00,"324,700.00"
1256,2020-07-30,"6,599.00","6,664.00","6,531.00","6,600.00",1.54,60.00,"395,940.00"
1257,2020-07-29,"6,419.00","6,547.00","6,419.00","6,500.00",-0.76,40.00,"259,660.00"
1258,2020-07-28,"6,470.00","6,550.00","6,470.00","6,550.00",-0.76,70.00,"457,700.00"
1259,2020-07-27,"6,599.00","6,600.00","6,599.00","6,600.00",1.54,100.00,"659,990.00"
1260,2020-07-26,"6,500.00","6,500.00","6,500.00","6,500.00",1.31,20.00,"130,000.00"
1261,2020-07-23,"6,416.00","6,416.00","6,416.00","6,416.00",0.0,20.00,"128,320.00"
1262,2020-07-22,"6,417.00","6,417.00","6,416.00","6,416.00",-1.99,30.00,"192,490.00"
1263,2020-07-21,"6,546.00","6,546.00","6,546.00","6,546.00",1.99,20.00,"130,920.00"
1264,2020-07-20,"6,420.00","6,678.00","6,418.00","6,418.00",1.95,130.00,"849,930.00"
1265,2020-07-16,"6,324.00","6,324.00","6,295.00","6,295.00",1.53,50.00,"315,140.00"
1266,2020-07-15,"6,300.00","6,300.00","6,200.00","6,200.00",-2.75,150.00,"939,390.00"
1267,2020-07-13,"6,300.00","6,375.00","6,300.00","6,375.00",0.76,30.00,"190,250.00"
1268,2020-07-12,"6,327.00","6,327.00","6,327.00","6,327.00",2.0,10.00,"63,270.00"
1269,2020-07-09,"6,203.00","6,203.00","6,199.00","6,203.00",0.0,30.00,"186,050.00"
1270,2020-07-08,"6,203.00","6,453.00","6,203.00","6,203.00",1.99,140.00,"880,670.00"
1271,2020-07-07,"5,963.00","6,082.00","5,963.00","6,082.00",4.02,70.00,"418,600.00"
1272,2020-07-06,"6,100.00","6,100.00","5,847.00","5,847.00",-5.86,60.00,"361,740.00"
1273,2020-07-05,"6,467.00","6,467.00","6,211.00","6,211.00",-5.87,60.00,"380,290.00"
1274,2020-03-19,"6,469.00","6,598.00","6,469.00","6,598.00",-0.03,30.00,"195,360.00"
1275,2020-03-18,"6,300.00","6,600.00","6,300.00","6,600.00",3.53,90.00,"574,520.00"
1276,2020-03-17,"6,250.00","6,375.00","6,250.00","6,375.00",1.17,70.00,"440,000.00"
1277,2020-03-16,"6,429.00","6,429.00","6,301.00","6,301.00",-0.03,120.00,"766,370.00"
1278,2020-03-15,"6,550.00","6,550.00","6,303.00","6,303.00",-5.69,172.00,"1,097,732.00"
1279,2020-03-12,"7,155.00","7,155.00","6,683.00","6,683.00",-8.45,230.00,"1,576,650.00"
1280,2020-03-11,"7,300.00","7,300.00","7,300.00","7,300.00",-1.66,20.00,"146,000.00"
1281,2020-03-05,"6,997.00","7,423.00","6,997.00","7,423.00",8.21,45.00,"324,020.00"
1282,2020-03-04,"7,000.00","7,050.00","6,860.00","6,860.00",-1.61,205.00,"1,419,410.00"
1283,2020-03-03,"7,116.00","7,258.00","6,972.00","6,972.00",-3.98,205.00,"1,441,800.00"
1284,2020-03-02,"7,560.00","7,560.00","7,261.00","7,261.00",-5.85,80.00,"593,720.00"
1285,2020-03-01,"8,397.00","8,397.00","7,712.00","7,712.00",-9.99,195.00,"1,533,660.00"
1286,2020-02-27,"8,765.00","8,768.00","8,232.00","8,568.00",-0.37,350.00,"2,915,160.00"
1287,2020-02-26,"8,820.00","8,820.00","8,150.00","8,600.00",-4.44,545.00,"4,554,685.00"
1288,2020-02-24,"9,000.00","9,000.00","9,000.00","9,000.00",1.01,10.00,"90,000.00"
1289,2020-02-23,"8,668.00","9,274.00","8,668.00","8,910.00",4.84,150.00,"1,353,360.00"
1290,2020-02-20,"7,821.00","8,499.00","7,821.00","8,499.00",9.99,415.00,"3,494,835.00"
1291,2020-02-19,"7,050.00","7,727.00","7,011.00","7,727.00",9.99,280.00,"2,010,580.00"
1292,2020-02-18,"6,771.00","7,025.00","6,770.00","7,025.00",4.18,240.00,"1,651,920.00"
1293,2020-02-17,"6,720.00","6,790.00","6,611.00","6,743.00",2.03,370.00,"2,477,180.00"
1294,2020-02-16,"6,480.00","6,609.00","6,480.00","6,609.00",0.14,80.00,"525,690.00"
1295,2020-02-13,"6,497.00","6,600.00","6,497.00","6,600.00",3.61,20.00,"130,970.00"
1296,2020-02-12,"6,499.00","6,499.00","6,370.00","6,370.00",-0.03,170.00,"1,089,330.00"
1297,2020-02-11,"6,375.00","6,375.00","6,372.00","6,372.00",-2.0,90.00,"573,660.00"
1298,2020-02-06,"6,490.00","6,502.00","6,490.00","6,502.00",1.99,80.00,"519,870.00"
1299,2020-02-04,"6,248.00","6,375.00","6,248.00","6,375.00",0.0,160.00,"1,001,230.00"
1300,2020-02-03,"6,350.00","6,375.00","6,350.00","6,375.00",0.39,21.00,"133,600.00"
1301,2020-01-30,"6,340.00","6,350.00","6,340.00","6,350.00",0.16,30.00,"190,400.00"
1302,2020-01-29,"6,381.00","6,381.00","6,340.00","6,340.00",-2.63,40.00,"254,830.00"
1303,2020-01-28,"6,298.00","6,511.00","6,298.00","6,511.00",4.01,180.00,"1,143,700.00"
1304,2020-01-27,"6,260.00","6,260.00","6,260.00","6,260.00",1.99,10.00,"62,600.00"
1305,2020-01-26,"6,160.00","6,160.00","6,138.00","6,138.00",-2.0,50.00,"307,160.00"
1306,2020-01-21,"6,390.00","6,390.00","6,263.00","6,263.00",-0.27,50.00,"315,180.00"
1307,2020-01-20,"6,517.00","6,517.00","6,280.00","6,280.00",-5.56,40.00,"254,840.00"
1308,2020-01-19,"6,324.00","6,650.00","6,324.00","6,650.00",7.26,40.00,"260,030.00"
1309,2020-01-16,"6,222.00","6,346.00","6,200.00","6,200.00",1.64,50.00,"312,080.00"
1310,2020-01-15,"6,110.00","6,115.00","6,100.00","6,100.00",-0.65,50.00,"305,380.00"
1311,2020-01-14,"6,145.00","6,145.00","6,140.00","6,140.00",-2.0,50.00,"307,150.00"
1312,2020-01-13,"6,265.00","6,265.00","6,265.00","6,265.00",1.99,11.00,"68,915.00"
1313,2020-01-12,"6,143.00","6,143.00","6,143.00","6,143.00",-1.99,10.00,"61,430.00"
1314,2020-01-08,"6,268.00","6,268.00","6,268.00","6,268.00",1.99,10.00,"62,680.00"
1315,2020-01-07,"6,271.00","6,271.00","6,146.00","6,146.00",-3.94,50.00,"311,050.00"
1316,2020-01-06,"6,028.00","6,398.00","6,028.00","6,398.00",4.03,60.00,"371,480.00"
1317,2020-01-02,"6,125.00","6,150.00","6,125.00","6,150.00",1.23,50.00,"306,740.00"
1318,2020-01-01,"6,150.00","6,150.00","6,075.00","6,075.00",0.41,40.00,"244,750.00"
1319,2019-12-31,"6,100.00","6,100.00","6,050.00","6,050.00",-0.82,21.00,"127,550.00"
1320,2019-12-30,"6,100.00","6,100.00","6,100.00","6,100.00",0.0,10.00,"61,000.00"
1321,2019-12-25,"6,100.00","6,100.00","6,100.00","6,100.00",1.48,10.00,"61,000.00"
1322,2019-12-23,"6,100.00","6,100.00","6,011.00","6,011.00",-1.22,140.00,"843,560.00"
1323,2019-12-15,"6,085.00","6,085.00","6,085.00","6,085.00",0.0,10.00,"60,850.00"
1324,2019-12-12,"6,086.00","6,086.00","6,085.00","6,085.00",-1.93,70.00,"425,970.00"
1325,2019-12-10,"6,210.00","6,210.00","6,205.00","6,205.00",0.13,20.00,"124,150.00"
1326,2019-12-09,"6,197.00","6,197.00","6,197.00","6,197.00",1.99,10.00,"61,970.00"
1327,2019-12-08,"6,076.00","6,076.00","6,076.00","6,076.00",0.0,50.00,"303,800.00"
1328,2019-12-05,"6,160.00","6,200.00","6,076.00","6,076.00",-3.02,270.00,"1,658,310.00"
1329,2019-12-04,"6,265.00","6,265.00","6,265.00","6,265.00",1.92,10.00,"62,650.00"
1330,2019-12-03,"6,147.00","6,147.00","6,147.00","6,147.00",1.99,190.00,"1,167,930.00"
1331,2019-11-28,"6,027.00","6,027.00","6,027.00","6,027.00",-2.0,46.00,"277,242.00"
1332,2019-11-27,"6,150.00","6,150.00","6,150.00","6,150.00",0.0,10.00,"61,500.00"
1333,2019-11-20,"6,150.00","6,150.00","6,150.00","6,150.00",-1.6,100.00,"615,000.00"
1334,2019-11-19,"6,250.00","6,250.00","6,250.00","6,250.00",0.0,16.00,"100,000.00"
1335,2019-11-18,"6,400.00","6,400.00","6,250.00","6,250.00",-1.96,140.00,"878,000.00"
1336,2019-11-11,"6,375.00","6,375.00","6,375.00","6,375.00",2.0,10.00,"63,750.00"
1337,2019-11-05,"6,250.00","6,250.00","6,250.00","6,250.00",0.81,265.00,"1,656,250.00"
1338,2019-11-03,"6,200.00","6,200.00","6,200.00","6,200.00",-1.9,200.00,"1,240,000.00"
1339,2019-10-31,"6,320.00","6,320.00","6,320.00","6,320.00",-0.06,100.00,"632,000.00"
1340,2019-10-24,"6,324.00","6,324.00","6,300.00","6,324.00",2.0,100.00,"630,720.00"
1341,2019-10-23,"6,192.00","6,205.00","6,069.00","6,200.00",-1.87,50.00,"308,560.00"
1342,2019-10-21,"6,318.00","6,318.00","6,318.00","6,318.00",-1.99,10.00,"63,180.00"
1343,2019-10-16,"6,446.00","6,446.00","6,446.00","6,446.00",1.99,10.00,"64,460.00"
1344,2019-10-03,"6,250.00","6,320.00","6,250.00","6,320.00",1.98,20.00,"125,700.00"
1345,2019-09-29,"6,197.00","6,197.00","6,197.00","6,197.00",0.0,50.00,"309,850.00"
1346,2019-09-26,"6,197.00","6,197.00","6,197.00","6,197.00",-0.05,40.00,"247,880.00"
1347,2019-09-18,"6,201.00","6,201.00","6,200.00","6,200.00",-1.59,102.00,"632,451.00"
1348,2019-09-17,"6,300.00","6,300.00","6,300.00","6,300.00",0.03,10.00,"63,000.00"
1349,2019-09-10,"6,298.00","6,298.00","6,298.00","6,298.00",-1.99,10.00,"62,980.00"
1350,2019-08-26,"6,426.00","6,426.00","6,426.00","6,426.00",0.0,10.00,"64,260.00"
1351,2019-08-25,"6,426.00","6,426.00","6,426.00","6,426.00",2.0,20.00,"128,520.00"
1352,2019-08-21,"6,300.00","6,300.00","6,300.00","6,300.00",-1.52,50.00,"315,000.00"
1353,2019-08-19,"6,450.00","6,450.00","6,321.00","6,397.00",0.0,100.00,"637,490.00"
1354,2019-08-14,"6,530.00","6,530.00","6,396.00","6,397.00",-1.98,90.00,"578,800.00"
1355,2019-08-13,"6,600.00","6,600.00","6,526.00","6,526.00",-1.86,30.00,"197,260.00"
1356,2019-08-07,"6,758.00","6,758.00","6,650.00","6,650.00",-1.6,50.00,"333,580.00"
1357,2019-08-06,"7,035.00","7,035.00","6,758.00","6,758.00",-3.94,260.00,"1,779,180.00"
1358,2019-08-05,"7,035.00","7,035.00","7,035.00","7,035.00",0.5,150.00,"1,055,250.00"
1359,2019-07-31,"7,000.00","7,000.00","7,000.00","7,000.00",-1.0,210.00,"1,470,000.00"
1360,2019-07-28,"7,071.00","7,071.00","7,071.00","7,071.00",1.99,10.00,"70,710.00"
1361,2019-07-24,"7,074.00","7,074.00","6,933.00","6,933.00",-0.04,20.00,"140,070.00"
1362,2019-07-22,"6,936.00","6,936.00","6,936.00","6,936.00",2.0,10.00,"69,360.00"
1363,2019-07-21,"6,800.00","6,800.00","6,800.00","6,800.00",-0.87,10.00,"68,000.00"
1364,2019-07-17,"6,890.00","7,000.00","6,860.00","6,860.00",-0.44,40.00,"276,400.00"
1365,2019-07-16,"6,890.00","6,890.00","6,890.00","6,890.00",1.32,10.00,"68,900.00"
1366,2019-07-11,"6,800.00","6,800.00","6,800.00","6,800.00",0.77,120.00,"816,000.00"
1367,2019-07-10,"6,750.00","6,750.00","6,748.00","6,748.00",-1.99,130.00,"877,340.00"
1368,2019-07-09,"6,750.00","6,885.00","6,750.00","6,885.00",2.0,"2,282.00","15,406,190.00"
1369,2019-07-04,"6,695.00","6,750.00","6,695.00","6,750.00",2.27,330.00,"2,220,330.00"
1370,2019-07-03,"6,600.00","6,600.00","6,600.00","6,600.00",0.0,320.00,"2,112,000.00"
1371,2019-07-02,"6,600.00","6,600.00","6,600.00","6,600.00",0.0,135.00,"891,000.00"
1372,2019-06-30,"6,475.00","6,600.00","6,475.00","6,600.00",1.95,60.00,"389,750.00"
1373,2019-06-18,"6,474.00","6,474.00","6,474.00","6,474.00",-1.98,10.00,"64,740.00"
1374,2019-06-17,"6,605.00","6,605.00","6,605.00","6,605.00",0.53,20.00,"132,100.00"
1375,2019-06-16,"6,570.00","6,570.00","6,570.00","6,570.00",-1.79,30.00,"197,100.00"
1376,2019-06-13,"6,690.00","6,690.00","6,690.00","6,690.00",-1.86,110.00,"735,900.00"
1377,2019-06-12,"6,817.00","6,817.00","6,817.00","6,817.00",1.99,20.00,"136,340.00"
1378,2019-06-11,"7,000.00","7,100.00","6,684.00","6,684.00",-3.95,535.00,"3,713,150.00"
1379,2019-06-02,"6,959.00","6,959.00","6,959.00","6,959.00",-2.0,10.00,"69,590.00"
1380,2019-05-19,"7,101.00","7,101.00","7,101.00","7,101.00",-1.99,10.00,"71,010.00"
1381,2019-05-15,"7,105.00","7,245.00","7,105.00","7,245.00",-0.07,50.00,"358,000.00"
1382,2019-05-09,"7,250.00","7,250.00","7,250.00","7,250.00",-1.77,60.00,"435,000.00"
1383,2019-05-08,"7,200.00","7,384.00","7,200.00","7,381.00",3.81,60.00,"436,770.00"
1384,2019-05-07,"7,000.00","7,110.00","7,000.00","7,110.00",1.94,150.00,"1,051,100.00"
1385,2019-05-06,"6,975.00","6,975.00","6,975.00","6,975.00",1.87,25.00,"174,375.00"
1386,2019-05-05,"6,713.00","6,847.00","6,713.00","6,847.00",-0.04,110.00,"739,770.00"
1387,2019-05-02,"6,725.00","6,850.00","6,725.00","6,850.00",3.79,190.00,"1,293,080.00"
1388,2019-04-28,"6,732.00","6,866.00","6,600.00","6,600.00",0.0,55.00,"369,620.00"
1389,2019-04-24,"6,600.00","6,600.00","6,600.00","6,600.00",0.0,30.00,"198,000.00"
1390,2019-04-08,"6,600.00","6,600.00","6,600.00","6,600.00",0.38,30.00,"198,000.00"
1391,2019-04-02,"6,570.00","6,575.00","6,570.00","6,575.00",1.99,20.00,"131,450.00"
1392,2019-03-31,"6,447.00","6,447.00","6,447.00","6,447.00",1.99,20.00,"128,940.00"
1393,2019-03-26,"6,321.00","6,321.00","6,321.00","6,321.00",-0.77,75.00,"474,075.00"
1394,2019-03-25,"6,371.00","6,371.00","6,370.00","6,370.00",-1.97,50.00,"318,520.00"
1395,2019-03-24,"6,498.00","6,498.00","6,498.00","6,498.00",-1.99,10.00,"64,980.00"
1396,2019-03-17,"6,630.00","6,630.00","6,630.00","6,630.00",2.0,60.00,"397,800.00"
1397,2019-03-05,"6,419.00","6,500.00","6,419.00","6,500.00",1.26,91.00,"585,830.00"
1398,2019-02-26,"6,419.00","6,419.00","6,419.00","6,419.00",-2.0,20.00,"128,380.00"
1399,2019-02-25,"6,550.00","6,550.00","6,550.00","6,550.00",1.99,50.00,"327,500.00"
1400,2019-02-18,"6,422.00","6,422.00","6,422.00","6,422.00",1.99,10.00,"64,220.00"
1401,2019-02-17,"6,297.00","6,297.00","6,297.00","6,297.00",-1.98,21.00,"132,237.00"
1402,2019-02-14,"6,424.00","6,552.00","6,424.00","6,424.00",-2.0,70.00,"453,760.00"
1403,2019-02-13,"6,560.00","6,560.00","6,555.00","6,555.00",-1.99,20.00,"131,150.00"
1404,2019-02-12,"6,557.00","6,688.00","6,557.00","6,688.00",4.03,20.00,"132,450.00"
1405,2019-02-11,"6,429.00","6,429.00","6,429.00","6,429.00",2.0,10.00,"64,290.00"
1406,2019-02-06,"6,303.00","6,303.00","6,303.00","6,303.00",0.0,100.00,"630,300.00"
1407,2019-02-05,"6,303.00","6,303.00","6,303.00","6,303.00",0.0,10.00,"63,030.00"
1408,2019-02-03,"6,303.00","6,303.00","6,303.00","6,303.00",0.0,30.00,"189,090.00"
1409,2019-01-31,"6,303.00","6,303.00","6,303.00","6,303.00",-1.52,20.00,"126,060.00"
1410,2019-01-29,"6,400.00","6,400.00","6,400.00","6,400.00",0.13,40.00,"256,000.00"
1411,2019-01-28,"6,400.00","6,400.00","6,392.00","6,392.00",-1.96,50.00,"319,920.00"
1412,2019-01-24,"6,650.00","6,650.00","6,520.00","6,520.00",-1.95,39.00,"256,750.00"
1413,2019-01-21,"6,650.00","6,650.00","6,650.00","6,650.00",0.76,20.00,"133,000.00"
1414,2019-01-17,"6,600.00","6,600.00","6,600.00","6,600.00",-1.64,80.00,"528,000.00"
1415,2019-01-15,"6,710.00","6,710.00","6,710.00","6,710.00",1.99,20.00,"134,200.00"
1416,2019-01-08,"6,579.00","6,579.00","6,579.00","6,579.00",2.0,10.00,"65,790.00"
1417,2019-01-07,"6,450.00","6,450.00","6,450.00","6,450.00",-1.45,20.00,"129,000.00"
1418,2019-01-06,"6,808.00","6,808.00","6,545.00","6,545.00",-1.95,50.00,"331,200.00"
1419,2019-01-02,"6,675.00","6,675.00","6,675.00","6,675.00",-1.98,500.00,"3,337,500.00"
1420,2018-12-31,"6,937.00","6,937.00","6,810.00","6,810.00",0.13,20.00,"137,470.00"
1421,2018-12-30,"6,800.00","6,801.00","6,800.00","6,801.00",1.99,60.00,"408,010.00"
1422,2018-12-27,"6,780.00","6,803.00","6,668.00","6,668.00",-0.03,190.00,"1,284,760.00"
1423,2018-12-26,"6,670.00","6,670.00","6,670.00","6,670.00",1.58,20.00,"133,400.00"
1424,2018-12-25,"6,600.00","6,600.00","6,566.00","6,566.00",-2.0,30.00,"197,320.00"
1425,2018-12-23,"6,700.00","6,700.00","6,700.00","6,700.00",0.0,10.00,"67,000.00"
1426,2018-12-17,"6,573.00","6,700.00","6,573.00","6,700.00",3.96,20.00,"132,730.00"
1427,2018-12-16,"6,445.00","6,445.00","6,445.00","6,445.00",-1.93,10.00,"64,450.00"
1428,2018-12-13,"6,706.00","6,706.00","6,572.00","6,572.00",-0.05,60.00,"397,000.00"
1429,2018-12-12,"6,575.00","6,575.00","6,575.00","6,575.00",-0.69,"1,000.00","6,575,000.00"
1430,2018-12-11,"6,497.00","6,621.00","6,497.00","6,621.00",1.91,60.00,"391,060.00"
1431,2018-12-10,"6,497.00","6,497.00","6,497.00","6,497.00",1.99,10.00,"64,970.00"
1432,2018-12-09,"6,370.00","6,370.00","6,370.00","6,370.00",-2.0,10.00,"63,700.00"
1433,2018-12-06,"6,500.00","6,500.00","6,500.00","6,500.00",1.26,30.00,"195,000.00"
1434,2018-12-05,"6,550.00","6,550.00","6,419.00","6,419.00",-2.96,90.00,"579,090.00"
1435,2018-12-04,"6,615.00","6,615.00","6,615.00","6,615.00",0.0,50.00,"330,750.00"
1436,2018-12-03,"6,615.00","6,615.00","6,615.00","6,615.00",-2.0,10.00,"66,150.00"
1437,2018-12-02,"6,750.00","6,750.00","6,750.00","6,750.00",-0.59,10.00,"67,500.00"
1438,2018-11-29,"6,790.00","6,790.00","6,790.00","6,790.00",0.22,10.00,"67,900.00"
1439,2018-11-27,"6,850.00","6,850.00","6,775.00","6,775.00",-0.37,100.00,"681,250.00"
1440,2018-11-26,"6,800.00","6,800.00","6,800.00","6,800.00",0.55,30.00,"204,000.00"
1441,2018-11-21,"6,800.00","6,800.00","6,763.00","6,763.00",-1.99,100.00,"676,670.00"
1442,2018-11-20,"6,836.00","6,900.00","6,702.00","6,900.00",2.95,20.00,"137,360.00"
1443,2018-11-05,"6,701.00","6,702.00","6,701.00","6,702.00",0.0,120.00,"804,220.00"
1444,2018-11-04,"6,705.00","6,705.00","6,702.00","6,702.00",0.03,160.00,"1,072,380.00"
1445,2018-11-01,"6,700.00","6,700.00","6,700.00","6,700.00",-1.47,10.00,"67,000.00"
1446,2018-10-29,"6,750.00","6,801.00","6,750.00","6,800.00",-1.22,60.00,"406,520.00"
1447,2018-10-28,"6,884.00","6,884.00","6,884.00","6,884.00",0.0,10.00,"68,840.00"
1448,2018-10-25,"6,884.00","6,884.00","6,884.00","6,884.00",1.99,10.00,"68,840.00"
1449,2018-10-24,"6,750.00","6,750.00","6,750.00","6,750.00",-1.96,100.00,"675,000.00"
1450,2018-10-23,"6,885.00","6,885.00","6,885.00","6,885.00",2.0,20.00,"137,700.00"
1451,2018-10-11,"6,700.00","6,750.00","6,700.00","6,750.00",-1.17,200.00,"1,345,000.00"
1452,2018-10-10,"6,830.00","6,830.00","6,800.00","6,830.00",1.8,160.00,"1,091,000.00"
1453,2018-10-09,"6,709.00","6,709.00","6,709.00","6,709.00",-1.99,99.00,"664,191.00"
1454,2018-10-08,"6,825.00","6,845.00","6,825.00","6,845.00",2.0,330.00,"2,252,780.00"
1455,2018-10-07,"6,711.00","6,711.00","6,711.00","6,711.00",-1.99,50.00,"335,550.00"
1456,2018-10-04,"6,713.00","6,847.00","6,713.00","6,847.00",-0.04,40.00,"271,200.00"
1457,2018-10-02,"7,000.00","7,000.00","6,850.00","6,850.00",-2.45,90.00,"618,500.00"
1458,2018-10-01,"7,022.00","7,022.00","7,022.00","7,022.00",1.99,10.00,"70,220.00"
1459,2018-09-30,"6,882.00","6,885.00","6,750.00","6,885.00",-1.95,145.00,"981,420.00"
1460,2018-09-27,"6,885.00","7,022.00","6,850.00","7,022.00",4.03,50.00,"347,310.00"
1461,2018-09-26,"6,860.00","6,860.00","6,750.00","6,750.00",-3.57,110.00,"748,700.00"
1462,2018-09-18,"7,196.00","7,339.00","7,000.00","7,000.00",-0.78,105.00,"747,850.00"
1463,2018-09-17,"6,850.00","7,120.00","6,800.00","7,055.00",4.52,"1,730.00","12,142,905.00"
1464,2018-09-16,"6,530.00","6,750.00","6,530.00","6,750.00",4.65,790.00,"5,238,220.00"
1465,2018-09-13,"6,420.00","6,450.00","6,300.00","6,450.00",2.43,340.00,"2,184,450.00"
1466,2018-09-12,"6,350.00","6,350.00","6,297.00","6,297.00",-1.99,70.00,"441,410.00"
1467,2018-09-11,"6,500.00","6,550.00","6,425.00","6,425.00",-0.39,230.00,"1,496,100.00"
1468,2018-09-10,"6,450.00","6,450.00","6,450.00","6,450.00",1.42,50.00,"322,500.00"
1469,2018-09-09,"6,366.00","6,366.00","6,360.00","6,360.00",-1.7,60.00,"381,770.00"
1470,2018-09-06,"6,400.00","6,528.00","6,400.00","6,470.00",-0.46,460.00,"2,965,100.00"
1471,2018-09-05,"6,477.00","6,600.00","6,445.00","6,500.00",2.36,430.00,"2,790,210.00"
1472,2018-09-04,"6,426.00","6,426.00","6,298.00","6,350.00",0.79,170.00,"1,078,190.00"
1473,2018-09-03,"6,324.00","6,324.00","6,300.00","6,300.00",1.61,30.00,"189,240.00"
1474,2018-09-02,"6,155.00","6,200.00","6,131.00","6,200.00",-0.18,100.00,"615,530.00"
1475,2018-08-30,"6,211.00","6,211.00","6,210.00","6,211.00",1.99,60.00,"372,650.00"
1476,2018-08-29,"6,197.00","6,197.00","6,090.00","6,090.00",-3.68,40.00,"244,870.00"
1477,2018-08-28,"6,051.00","6,323.00","6,051.00","6,323.00",2.41,115.00,"715,230.00"
1478,2018-08-26,"5,934.00","6,174.00","5,934.00","6,174.00",1.97,130.00,"789,270.00"
1479,2018-08-23,"6,171.00","6,171.00","6,055.00","6,055.00",-1.88,60.00,"368,230.00"
1480,2018-08-22,"6,150.00","6,171.00","6,145.00","6,171.00",2.0,90.00,"553,900.00"
1481,2018-08-21,"6,110.00","6,110.00","6,050.00","6,050.00",0.02,89.00,"542,100.00"
1482,2018-08-20,"6,140.00","6,140.00","6,049.00","6,049.00",-1.48,"1,100.00","6,706,010.00"
1483,2018-08-19,"6,195.00","6,195.00","6,075.00","6,140.00",1.07,120.00,"731,370.00"
1484,2018-08-16,"5,732.00","6,182.00","5,732.00","6,075.00",8.1,"1,970.00","12,089,050.00"
1485,2018-08-15,"5,510.00","5,620.00","5,510.00","5,620.00",3.88,50.00,"277,700.00"
1486,2018-08-14,"5,410.00","5,410.00","5,410.00","5,410.00",1.88,30.00,"162,300.00"
1487,2018-08-13,"5,300.00","5,345.00","5,300.00","5,310.00",1.28,40.00,"212,700.00"
1488,2018-08-12,"5,250.00","5,257.00","5,243.00","5,243.00",-2.0,120.00,"629,630.00"
1489,2018-08-08,"5,350.00","5,350.00","5,350.00","5,350.00",-0.93,10.00,"53,500.00"
1490,2018-08-06,"5,401.00","5,401.00","5,400.00","5,400.00",-0.02,50.00,"270,020.00"
1491,2018-08-05,"5,350.00","5,401.00","5,350.00","5,401.00",0.02,220.00,"1,178,020.00"
1492,2018-08-02,"5,400.00","5,400.00","5,400.00","5,400.00",0.0,100.00,"540,000.00"
1493,2018-07-30,"5,401.00","5,401.00","5,400.00","5,400.00",0.0,50.00,"270,010.00"
1494,2018-07-29,"5,400.00","5,400.00","5,400.00","5,400.00",-1.82,50.00,"270,000.00"
1495,2018-07-26,"5,500.00","5,500.00","5,500.00","5,500.00",0.0,40.00,"220,000.00"
1496,2018-07-25,"5,500.00","5,500.00","5,500.00","5,500.00",0.04,10.00,"55,000.00"
1497,2018-07-24,"5,500.00","5,500.00","5,498.00","5,498.00",-2.0,110.00,"604,980.00"
1498,2018-07-23,"5,500.00","5,610.00","5,500.00","5,610.00",2.94,20.00,"111,100.00"
1499,2018-07-22,"5,450.00","5,450.00","5,450.00","5,450.00",-0.91,10.00,"54,500.00"
1500,2018-07-18,"5,420.00","5,500.00","5,420.00","5,500.00",-0.54,40.00,"219,200.00"
1501,2018-07-17,"5,755.00","5,755.00","5,530.00","5,530.00",-5.82,120.00,"669,590.00"
1502,2018-07-16,"5,500.00","5,872.00","5,490.00","5,872.00",4.86,230.00,"1,306,700.00"
1503,2018-07-15,"5,500.00","5,600.00","5,500.00","5,600.00",1.82,40.00,"222,000.00"
1504,2018-07-12,"5,500.00","5,500.00","5,500.00","5,500.00",0.0,13.00,"71,500.00"
1505,2018-07-10,"5,550.00","5,550.00","5,500.00","5,500.00",-1.93,80.00,"442,700.00"
1506,2018-07-09,"5,608.00","5,608.00","5,608.00","5,608.00",1.98,20.00,"112,160.00"
1507,2018-07-08,"5,700.00","5,722.00","5,499.00","5,499.00",-1.98,190.00,"1,055,480.00"
1508,2018-07-05,"5,610.00","5,610.00","5,610.00","5,610.00",0.0,10.00,"56,100.00"
1509,2018-07-04,"5,610.00","5,610.00","5,600.00","5,610.00",2.0,20.00,"112,100.00"
1510,2018-07-02,"5,500.00","5,500.00","5,500.00","5,500.00",-1.4,20.00,"110,000.00"
1511,2018-06-28,"5,591.00","5,591.00","5,578.00","5,578.00",-1.99,180.00,"1,004,920.00"
1512,2018-06-27,"5,691.00","5,691.00","5,691.00","5,691.00",1.99,10.00,"56,910.00"
1513,2018-06-26,"5,800.00","5,800.00","5,572.00","5,580.00",-5.68,405.00,"2,281,170.00"
1514,2018-06-25,"5,916.00","5,916.00","5,916.00","5,916.00",2.0,10.00,"59,160.00"
1515,2018-06-24,"5,865.00","5,865.00","5,800.00","5,800.00",0.87,110.00,"638,650.00"
1516,2018-06-20,"5,815.00","5,815.00","5,750.00","5,750.00",-0.86,140.00,"810,340.00"
1517,2018-06-19,"5,802.00","5,802.00","5,800.00","5,800.00",-2.03,20.00,"116,020.00"
1518,2018-06-18,"5,920.00","5,920.00","5,920.00","5,920.00",-1.99,10.00,"59,200.00"
1519,2018-06-17,"5,928.00","6,040.00","5,928.00","6,040.00",3.92,20.00,"119,680.00"
1520,2018-06-14,"5,930.00","5,930.00","5,812.00","5,812.00",-0.03,110.00,"641,410.00"
1521,2018-06-11,"5,814.00","5,815.00","5,814.00","5,814.00",2.0,60.00,"348,865.00"
1522,2018-06-10,"5,804.00","5,804.00","5,700.00","5,700.00",-3.75,60.00,"343,040.00"
1523,2018-06-07,"5,922.00","5,922.00","5,922.00","5,922.00",-1.99,10.00,"59,220.00"
1524,2018-06-06,"5,924.00","6,042.00","5,924.00","6,042.00",4.03,40.00,"240,070.00"
1525,2018-06-04,"5,926.00","5,926.00","5,808.00","5,808.00",-3.94,60.00,"350,860.00"
1526,2018-06-03,"6,046.00","6,046.00","6,046.00","6,046.00",-1.99,10.00,"60,460.00"
1527,2018-05-31,"6,169.00","6,169.00","6,169.00","6,169.00",0.0,510.00,"3,146,190.00"
1528,2018-05-30,"6,201.00","6,201.00","6,169.00","6,169.00",-1.99,250.00,"1,548,550.00"
1529,2018-05-29,"6,300.00","6,300.00","6,294.00","6,294.00",-1.99,30.00,"188,940.00"
1530,2018-05-28,"6,298.00","6,422.00","6,297.00","6,422.00",4.0,130.00,"819,960.00"
1531,2018-05-23,"6,175.00","6,175.00","6,175.00","6,175.00",-1.98,10.00,"61,750.00"
1532,2018-05-22,"6,300.00","6,300.00","6,300.00","6,300.00",-0.05,210.00,"1,323,000.00"
1533,2018-05-21,"6,100.00","6,303.00","6,100.00","6,303.00",1.99,70.00,"430,250.00"
1534,2018-05-17,"6,180.00","6,180.00","6,180.00","6,180.00",-1.87,20.00,"123,600.00"
1535,2018-05-16,"6,426.00","6,426.00","6,298.00","6,298.00",-0.03,220.00,"1,387,240.00"
1536,2018-05-14,"6,180.00","6,303.00","6,180.00","6,300.00",0.0,60.00,"373,230.00"
1537,2018-05-08,"6,347.00","6,347.00","6,300.00","6,300.00",1.24,20.00,"126,470.00"
1538,2018-05-06,"6,223.00","6,223.00","6,223.00","6,223.00",-2.0,10.00,"62,230.00"
1539,2018-05-03,"6,243.00","6,367.00","6,243.00","6,350.00",3.74,120.00,"762,030.00"
1540,2018-05-02,"6,001.00","6,121.00","6,001.00","6,121.00",0.02,60.00,"361,260.00"
1541,2018-04-29,"6,120.00","6,120.00","6,120.00","6,120.00",2.0,10.00,"61,200.00"
1542,2018-04-26,"6,341.00","6,341.00","6,000.00","6,000.00",-7.26,80.00,"493,130.00"
1543,2018-04-24,"6,600.00","6,600.00","6,470.00","6,470.00",-1.18,40.00,"262,690.00"
1544,2018-04-23,"6,750.00","6,813.00","6,547.00","6,547.00",-3.9,130.00,"871,870.00"
1545,2018-04-22,"6,683.00","6,813.00","6,680.00","6,813.00",3.98,40.00,"269,860.00"
1546,2018-04-19,"6,520.00","6,552.00","6,435.00","6,552.00",1.82,210.00,"1,372,610.00"
1547,2018-04-18,"6,067.00","6,435.00","6,067.00","6,435.00",3.96,140.00,"876,030.00"
1548,2018-04-17,"6,110.00","6,242.00","6,100.00","6,190.00",3.17,140.00,"864,720.00"
1549,2018-04-16,"6,000.00","6,000.00","6,000.00","6,000.00",1.28,10.00,"60,000.00"
1550,2018-04-15,"5,926.00","5,926.00","5,808.00","5,924.00",-2.02,120.00,"704,180.00"
1551,2018-04-12,"6,046.00","6,046.00","6,046.00","6,046.00",1.97,20.00,"120,920.00"
1552,2018-04-10,"6,050.00","6,050.00","5,929.00","5,929.00",-0.05,200.00,"1,190,100.00"
1553,2018-04-09,"6,290.00","6,415.00","5,932.00","5,932.00",-3.81,300.00,"1,881,020.00"
1554,2018-04-08,"5,830.00","6,292.00","5,800.00","6,167.00",7.81,653.00,"3,980,152.00"
1555,2018-04-05,"5,610.00","5,836.00","5,610.00","5,720.00",4.0,50.00,"287,240.00"
1556,2018-04-04,"5,371.00","5,580.00","5,371.00","5,500.00",0.49,110.00,"604,200.00"
1557,2018-04-03,"5,473.00","5,473.00","5,473.00","5,473.00",1.99,10.00,"54,730.00"
1558,2018-04-02,"5,584.00","5,584.00","5,366.00","5,366.00",-1.99,180.00,"992,440.00"
1559,2018-04-01,"5,586.00","5,586.00","5,475.00","5,475.00",-3.95,60.00,"329,880.00"
1560,2018-03-29,"5,439.00","5,700.00","5,439.00","5,700.00",2.7,150.00,"841,280.00"
1561,2018-03-28,"5,820.00","5,824.00","5,480.00","5,550.00",-2.8,420.00,"2,324,120.00"
1562,2018-03-27,"5,444.00","5,710.00","5,336.00","5,710.00",2.79,389.00,"2,162,558.00"
1563,2018-03-26,"5,600.00","5,600.00","5,555.00","5,555.00",-1.99,40.00,"222,700.00"
1564,2018-03-22,"5,595.00","5,900.00","5,595.00","5,668.00",-0.72,260.00,"1,500,690.00"
1565,2018-03-21,"5,825.00","5,825.00","5,709.00","5,709.00",-3.87,260.00,"1,496,410.00"
1566,2018-03-20,"5,978.00","6,060.00","5,861.00","5,939.00",-2.64,90.00,"535,020.00"
1567,2018-03-19,"6,100.00","6,100.00","6,100.00","6,100.00",1.35,60.00,"366,000.00"
1568,2018-03-15,"5,901.00","6,100.00","5,901.00","6,019.00",0.32,50.00,"301,390.00"
1569,2018-03-14,"6,100.00","6,100.00","5,900.00","6,000.00",-1.64,250.00,"1,482,780.00"
1570,2018-03-13,"6,100.00","6,100.00","6,100.00","6,100.00",0.76,10.00,"61,000.00"
1571,2018-03-12,"5,939.00","6,300.00","5,938.00","6,054.00",3.97,560.00,"3,393,910.00"
1572,2018-03-11,"6,051.00","6,060.00","5,823.00","5,823.00",-5.69,330.00,"1,939,920.00"
1573,2018-03-07,"6,200.00","6,300.00","6,174.00","6,174.00",1.21,100.00,"620,480.00"
1574,2018-03-06,"6,000.00","6,150.00","6,000.00","6,100.00",2.78,280.00,"1,686,970.00"
1575,2018-03-05,"6,275.00","6,400.00","5,935.00","5,935.00",-5.42,"1,550.00","9,532,160.00"
1576,2018-03-04,"6,533.00","6,533.00","6,275.00","6,275.00",-5.87,130.00,"836,340.00"
1577,2018-02-28,"6,803.00","6,803.00","6,666.00","6,666.00",-3.95,60.00,"402,690.00"
1578,2018-02-27,"6,940.00","6,940.00","6,940.00","6,940.00",-1.99,10.00,"69,400.00"
1579,2018-02-25,"7,225.00","7,225.00","7,081.00","7,081.00",-1.17,25.00,"179,185.00"
1580,2018-02-22,"7,028.00","7,165.00","7,028.00","7,165.00",3.98,20.00,"141,930.00"
1581,2018-02-21,"6,891.00","6,891.00","6,891.00","6,891.00",-1.94,40.00,"275,640.00"
1582,2018-02-20,"7,276.00","7,276.00","6,890.00","7,027.00",-5.35,214.00,"1,502,918.00"
1583,2018-02-18,"7,279.00","7,424.00","7,200.00","7,424.00",4.02,283.00,"2,058,907.00"
1584,2018-02-15,"6,861.00","7,137.00","6,998.00","7,137.00",0.0,20.00,"141,350.00"
1585,2018-02-07,"7,100.00","6,958.00","6,861.00","6,861.00",0.0,25.00,"172,980.00"
1586,2018-02-04,"7,200.00","7,200.00","7,100.00","7,100.00",0.0,40.00,"285,010.00"
1587,2018-01-31,"7,250.00","7,200.00","7,200.00","7,200.00",0.0,10.00,"72,000.00"
1588,2018-01-28,"7,151.00","7,250.00","7,250.00","7,250.00",0.0,10.00,"72,500.00"
1589,2018-01-25,"6,865.00","7,151.00","7,002.00","7,151.00",0.0,120.00,"852,580.00"
1590,2018-01-24,"7,000.00","6,865.00","6,865.00","6,865.00",0.0,10.00,"68,650.00"
1591,2018-01-22,"6,950.00","7,000.00","7,000.00","7,000.00",0.0,10.00,"70,000.00"
1592,2018-01-21,"7,000.00","7,100.00","6,950.00","6,950.00",0.0,220.00,"1,537,560.00"
1593,2018-01-17,"6,950.00","7,000.00","7,000.00","7,000.00",0.0,10.00,"70,000.00"
1594,2018-01-16,"7,081.00","6,950.00","6,950.00","6,950.00",0.0,20.00,"139,000.00"
1595,2018-01-14,"7,225.00","7,200.00","7,081.00","7,081.00",0.0,140.00,"997,570.00"
1596,2018-01-09,"7,250.00","7,225.00","7,200.00","7,225.00",0.0,60.00,"432,500.00"
1597,2018-01-08,"7,250.00","7,250.00","7,108.00","7,250.00",0.0,60.00,"427,900.00"
1598,2018-01-07,"7,291.00","7,436.00","7,250.00","7,250.00",0.0,80.00,"584,460.00"
1599,2018-01-04,"7,151.00","7,439.00","7,291.00","7,291.00",0.0,80.00,"586,390.00"
1600,2018-01-03,"7,400.00","7,300.00","7,151.00","7,151.00",0.0,210.00,"1,515,580.00"
1601,2018-01-02,"7,544.00","7,550.00","7,400.00","7,400.00",0.0,110.00,"816,550.00"
1602,2018-01-01,"7,252.00","7,544.00","7,397.00","7,544.00",0.0,39.00,"292,746.00"
1603,2017-12-31,"7,700.00","7,546.00","7,250.00","7,252.00",0.0,240.00,"1,764,170.00"
1604,2017-12-28,"7,845.00","7,700.00","7,690.00","7,700.00",0.0,190.00,"1,462,150.00"
1605,2017-12-27,"7,705.00","7,845.00","7,800.00","7,845.00",0.0,20.00,"156,450.00"
1606,2017-12-26,"8,000.00","7,841.00","7,685.00","7,705.00",0.0,405.00,"3,137,900.00"
1607,2017-12-24,"7,886.00","8,200.00","8,000.00","8,000.00",0.0,600.00,"4,850,340.00"
1608,2017-12-21,"7,742.00","8,160.00","7,776.00","7,886.00",0.0,860.00,"6,847,320.00"
1609,2017-12-20,"7,960.00","7,900.00","7,742.00","7,742.00",0.0,290.00,"2,257,970.00"
1610,2017-12-19,"8,115.00","8,109.00","7,795.00","7,960.00",0.0,"1,920.00","15,058,210.00"
1611,2017-12-18,"7,800.00","8,287.00","7,810.00","8,115.00",0.0,291.00,"2,376,915.00"
1612,2017-12-17,"7,200.00","7,800.00","7,340.00","7,800.00",0.0,630.00,"4,825,610.00"
1613,2017-12-14,"7,140.00","7,200.00","7,000.00","7,200.00",0.0,80.00,"567,460.00"
1614,2017-12-13,"6,735.00","7,140.00","6,732.00","7,140.00",0.0,"1,020.00","6,963,570.00"
1615,2017-12-12,"6,488.00","6,735.00","6,600.00","6,735.00",0.0,600.00,"3,973,550.00"
1616,2017-12-11,"6,490.00","6,488.00","6,361.00","6,488.00",0.0,220.00,"1,412,900.00"
1617,2017-12-10,"5,900.00","6,490.00","6,000.00","6,490.00",0.0,60.00,"375,680.00"
1618,2017-12-05,"6,020.00","5,900.00","5,900.00","5,900.00",0.0,220.00,"1,298,000.00"
1619,2017-11-26,"5,900.00","6,138.00","6,018.00","6,020.00",0.0,120.00,"734,180.00"
1620,2017-11-16,"5,921.00","5,900.00","5,900.00","5,900.00",0.0,10.00,"59,000.00"
1621,2017-11-13,"5,805.00","5,921.00","5,900.00","5,921.00",0.0,130.00,"769,520.00"
1622,2017-11-09,"5,849.00","5,880.00","5,800.00","5,805.00",0.0,110.00,"639,050.00"
1623,2017-11-08,"6,498.00","6,369.00","5,849.00","5,849.00",0.0,700.00,"4,257,810.00"
1624,2017-11-06,"6,371.00","6,498.00","6,498.00","6,498.00",0.0,50.00,"324,900.00"
1625,2017-11-05,"6,600.00","6,500.00","6,371.00","6,371.00",0.0,110.00,"713,710.00"
1626,2017-10-31,"6,549.00","6,600.00","6,500.00","6,600.00",0.0,220.00,"1,443,600.00"
1627,2017-10-30,"6,681.00","6,549.00","6,421.00","6,549.00",0.0,230.00,"1,503,540.00"
1628,2017-10-24,"6,550.00","6,681.00","6,650.00","6,681.00",0.0,70.00,"467,050.00"
1629,2017-10-11,"6,586.00","6,600.00","6,550.00","6,550.00",0.0,30.00,"197,000.00"
1630,2017-10-08,"6,857.00","6,720.00","6,586.00","6,586.00",0.0,147.00,"981,542.00"
1631,2017-10-04,"6,723.00","6,857.00","6,857.00","6,857.00",0.0,10.00,"68,570.00"
1632,2017-09-26,"7,000.00","6,860.00","6,723.00","6,723.00",0.0,155.00,"1,044,805.00"
1633,2017-09-25,"6,866.00","7,000.00","7,000.00","7,000.00",0.0,10.00,"70,000.00"
1634,2017-09-18,"6,866.00","6,866.00","6,866.00","6,866.00",0.0,135.00,"926,910.00"
1635,2017-09-17,"6,600.00","6,866.00","6,732.00","6,866.00",0.0,30.00,"204,640.00"
1636,2017-09-14,"6,627.00","6,625.00","6,600.00","6,600.00",0.0,20.00,"132,250.00"
1637,2017-09-13,"6,778.00","6,899.00","6,627.00","6,627.00",0.0,60.00,"404,560.00"
1638,2017-09-11,"6,517.00","6,778.00","6,600.00","6,778.00",0.0,140.00,"942,270.00"
1639,2017-09-10,"6,630.00","6,800.00","6,517.00","6,517.00",0.0,290.00,"1,910,070.00"
1640,2017-09-07,"6,762.00","6,635.00","6,630.00","6,630.00",0.0,25.00,"165,800.00"
1641,2017-09-06,"6,900.00","6,762.00","6,762.00","6,762.00",0.0,100.00,"676,200.00"
1642,2017-09-04,"7,000.00","6,900.00","6,900.00","6,900.00",0.0,50.00,"345,000.00"
1643,2017-08-31,"7,106.00","7,000.00","6,970.00","7,000.00",0.0,201.00,"1,403,000.00"
1644,2017-08-28,"7,250.00","7,106.00","7,106.00","7,106.00",0.0,60.00,"426,360.00"
1645,2017-08-24,"7,100.00","7,250.00","7,150.00","7,250.00",0.0,210.00,"1,515,720.00"
1646,2017-08-23,"7,100.00","7,100.00","7,100.00","7,100.00",0.0,200.00,"1,420,000.00"
1647,2017-08-20,"6,965.00","7,104.00","7,000.00","7,100.00",0.0,540.00,"3,833,080.00"
1648,2017-08-17,"7,252.00","7,107.00","6,965.00","6,965.00",0.0,80.00,"560,220.00"
1649,2017-08-16,"7,400.00","7,252.00","7,252.00","7,252.00",0.0,20.00,"145,040.00"
1650,2017-08-15,"7,150.00","7,400.00","7,007.00","7,400.00",0.0,240.00,"1,713,720.00"
1651,2017-08-13,"7,150.00","7,150.00","7,007.00","7,150.00",0.0,70.00,"493,350.00"
1652,2017-08-10,"7,150.00","7,150.00","7,010.00","7,150.00",0.0,110.00,"775,300.00"
1653,2017-08-06,"7,010.00","7,150.00","7,150.00","7,150.00",0.0,10.00,"71,500.00"
1654,2017-08-03,"7,077.00","7,010.00","7,010.00","7,010.00",0.0,10.00,"70,100.00"
1655,2017-08-02,"7,222.00","7,366.00","6,939.00","7,077.00",0.0,250.00,"1,751,590.00"
1656,2017-08-01,"7,215.00","7,222.00","7,075.00","7,222.00",0.0,350.00,"2,493,590.00"
1657,2017-07-31,"7,200.00","7,343.00","7,215.00","7,215.00",0.0,100.00,"730,280.00"
1658,2017-07-30,"7,260.00","7,405.00","7,200.00","7,200.00",0.0,90.00,"659,220.00"
1659,2017-07-27,"7,386.00","7,260.00","7,260.00","7,260.00",0.0,226.00,"1,640,760.00"
1660,2017-07-26,"7,300.00","8,000.00","7,386.00","7,386.00",0.0,390.00,"3,027,890.00"
1661,2017-07-25,"6,750.00","7,300.00","6,885.00","7,300.00",0.0,350.00,"2,463,070.00"
1662,2017-07-24,"6,525.00","6,850.00","6,655.00","6,750.00",0.0,150.00,"1,016,500.00"
1663,2017-07-23,"6,400.00","6,528.00","6,525.00","6,525.00",0.0,20.00,"130,530.00"
1664,2017-07-20,"6,400.00","6,528.00","6,400.00","6,400.00",0.0,20.00,"129,280.00"
1665,2017-07-19,"6,205.00","6,420.00","6,300.00","6,400.00",0.0,110.00,"698,800.00"
1666,2017-07-18,"6,205.00","6,205.00","6,205.00","6,205.00",0.0,50.00,"310,250.00"
1667,2017-07-17,"6,085.00","6,205.00","6,205.00","6,205.00",0.0,20.00,"124,100.00"
1668,2017-07-11,"6,075.00","6,085.00","6,075.00","6,085.00",0.0,870.00,"5,291,400.00"
1669,2017-07-10,"6,071.00","6,192.00","6,075.00","6,075.00",0.0,840.00,"5,200,110.00"
1670,2017-07-09,"6,300.00","6,174.00","6,071.00","6,071.00",0.0,70.00,"427,610.00"
1671,2017-07-06,"6,200.00","6,300.00","6,300.00","6,300.00",0.0,90.00,"567,000.00"
1672,2017-07-02,"6,199.00","6,200.00","6,080.00","6,200.00",0.0,130.00,"802,400.00"
1673,2017-06-27,"6,324.00","6,200.00","6,198.00","6,199.00",0.0,110.00,"681,950.00"
1674,2017-06-25,"6,200.00","6,324.00","6,324.00","6,324.00",0.0,10.00,"63,240.00"
1675,2017-06-21,"6,111.00","6,200.00","6,200.00","6,200.00",0.0,100.00,"620,000.00"
1676,2017-06-20,"6,101.00","6,225.00","6,111.00","6,111.00",0.0,40.00,"246,700.00"
1677,2017-06-19,"6,442.00","6,314.00","6,101.00","6,101.00",0.0,80.00,"494,210.00"
1678,2017-06-18,"6,570.00","6,445.00","6,442.00","6,442.00",0.0,700.00,"4,510,000.00"
1679,2017-06-15,"6,450.00","6,570.00","6,432.00","6,570.00",0.0,135.00,"876,280.00"
1680,2017-06-14,"6,497.00","6,450.00","6,440.00","6,450.00",0.0,390.00,"2,511,800.00"
1681,2017-06-13,"6,370.00","6,497.00","6,243.00","6,497.00",0.0,190.00,"1,218,770.00"
1682,2017-06-12,"6,477.00","6,500.00","6,370.00","6,370.00",0.0,20.00,"128,700.00"
1683,2017-06-11,"6,300.00","6,477.00","6,350.00","6,477.00",0.0,70.00,"448,270.00"
1684,2017-06-08,"6,395.00","6,300.00","6,300.00","6,300.00",0.0,10.00,"63,000.00"
1685,2017-06-07,"6,270.00","6,395.00","6,271.00","6,395.00",0.0,20.00,"126,660.00"
1686,2017-06-06,"6,459.00","6,447.00","6,260.00","6,270.00",0.0,250.00,"1,600,270.00"
1687,2017-06-05,"6,590.00","6,590.00","6,459.00","6,459.00",0.0,160.00,"1,047,610.00"
1688,2017-06-04,"6,724.00","6,590.00","6,590.00","6,590.00",0.0,45.00,"296,550.00"
1689,2017-06-01,"6,600.00","6,866.00","6,724.00","6,724.00",0.0,145.00,"977,940.00"
1690,2017-05-31,"6,927.00","6,800.00","6,600.00","6,600.00",0.0,"1,125.00","7,470,690.00"
1691,2017-05-30,"6,800.00","6,927.00","6,691.00","6,927.00",0.0,721.00,"4,895,860.00"
1692,2017-05-28,"7,205.00","7,349.00","6,792.00","6,800.00",0.0,670.00,"4,603,500.00"
1693,2017-05-24,"7,354.00","7,350.00","6,999.00","7,205.00",0.0,"2,690.00","19,321,840.00"
1694,2017-05-23,"6,776.00","7,453.00","6,800.00","7,354.00",0.0,"1,562.00","11,314,871.00"
1695,2017-05-22,"6,644.00","6,776.00","6,776.00","6,776.00",0.0,10.00,"67,760.00"
1696,2017-05-21,"6,040.00","6,644.00","6,160.00","6,644.00",0.0,50.00,"320,310.00"
1697,2017-05-18,"5,491.00","6,040.00","5,600.00","6,040.00",0.0,75.00,"442,200.00"
1698,2017-05-17,"4,992.00","5,491.00","5,091.00","5,491.00",0.0,60.00,"319,600.00"
1699,2017-05-16,"4,539.00","4,992.00","4,629.00","4,992.00",0.0,210.00,"1,000,600.00"
1700,2017-05-15,"4,127.00","4,539.00","4,200.00","4,539.00",0.0,565.00,"2,389,955.00"
1701,2017-05-11,"3,968.00","4,211.00","3,970.00","4,127.00",0.0,"1,280.00","5,240,200.00"
1702,2017-05-07,"3,891.00","3,968.00","3,968.00","3,968.00",0.0,10.00,"39,680.00"
1703,2017-05-04,"3,890.00","3,891.00","3,891.00","3,891.00",0.0,"1,000.00","3,891,000.00"
1704,2017-05-03,"3,920.00","3,995.00","3,890.00","3,890.00",0.0,"3,671.00","14,352,315.00"
1705,2017-05-02,"4,000.00","3,920.00","3,920.00","3,920.00",0.0,12.00,"47,040.00"
1706,2017-04-27,"4,000.00","4,000.00","4,000.00","4,000.00",0.0,20.00,"80,000.00"
1707,2017-04-25,"3,998.00","4,000.00","4,000.00","4,000.00",0.0,10.00,"40,000.00"
1708,2017-04-23,"3,920.00","3,998.00","3,998.00","3,998.00",0.0,50.00,"199,900.00"
1709,2017-04-20,"4,000.00","3,920.00","3,920.00","3,920.00",0.0,40.00,"156,800.00"
1710,2017-04-19,"3,930.00","4,000.00","4,000.00","4,000.00",0.0,10.00,"40,000.00"
1711,2017-04-18,"4,010.00","3,930.00","3,930.00","3,930.00",0.0,20.00,"78,600.00"
1712,2017-04-13,"4,088.00","4,010.00","4,010.00","4,010.00",0.0,30.00,"120,300.00"
1713,2017-04-12,"3,793.00","4,172.00","3,868.00","4,088.00",0.0,720.00,"2,953,310.00"
1714,2017-04-11,"3,449.00","3,793.00","3,517.00","3,793.00",0.0,50.00,"182,860.00"
1715,2017-04-10,"3,382.00","3,449.00","3,449.00","3,449.00",0.0,10.00,"34,490.00"
1716,2017-04-09,"3,450.00","3,382.00","3,382.00","3,382.00",0.0,100.00,"338,200.00"
1717,2017-04-06,"3,450.00","3,450.00","3,450.00","3,450.00",0.0,12.00,"41,400.00"
1718,2017-03-29,"3,510.00","3,450.00","3,440.00","3,450.00",0.0,530.00,"1,828,200.00"
1719,2017-03-28,"3,510.00","3,510.00","3,510.00","3,510.00",0.0,350.00,"1,228,500.00"
1720,2017-03-15,"3,500.00","3,510.00","3,510.00","3,510.00",0.0,80.00,"280,800.00"
1721,2017-03-06,"3,610.00","3,538.00","3,500.00","3,500.00",0.0,30.00,"105,380.00"
1722,2017-03-02,"3,650.00","3,645.00","3,610.00","3,610.00",0.0,25.00,"90,600.00"
1723,2017-02-26,"3,669.00","3,650.00","3,596.00","3,650.00",0.0,50.00,"181,960.00"
1724,2017-02-23,"3,743.00","3,669.00","3,669.00","3,669.00",0.0,10.00,"36,690.00"
1725,2017-02-16,"3,819.00","3,750.00","3,743.00","3,743.00",0.0,30.00,"112,430.00"
1726,2017-02-15,"3,902.00","3,824.00","3,819.00","3,819.00",0.0,110.00,"420,140.00"
1727,2017-01-25,"4,144.00","4,062.00","3,902.00","3,902.00",0.0,30.00,"119,450.00"
1728,2017-01-02,"4,065.00","4,228.00","4,144.00","4,144.00",0.0,60.00,"252,020.00"
1729,2017-01-01,"4,231.00","4,147.00","4,065.00","4,065.00",0.0,20.00,"82,120.00"
1730,2016-12-15,"4,149.00","4,231.00","4,231.00","4,231.00",0.0,50.00,"211,550.00"
1731,2016-12-11,"4,090.00","4,149.00","4,149.00","4,149.00",0.0,60.00,"248,940.00"
1732,2016-12-04,"4,010.00","4,090.00","4,090.00","4,090.00",0.0,20.00,"81,800.00"
1733,2016-12-01,"4,010.00","4,010.00","4,010.00","4,010.00",0.0,37.00,"148,370.00"
1734,2016-11-29,"4,322.00","4,325.00","4,000.00","4,010.00",0.0,340.00,"1,427,950.00"
1735,2016-11-28,"4,500.00","4,410.00","4,322.00","4,322.00",0.0,20.00,"87,320.00"
1736,2016-11-24,"4,514.00","4,500.00","4,425.00","4,500.00",0.0,80.00,"356,250.00"
1737,2016-11-23,"4,700.00","4,606.00","4,514.00","4,514.00",0.0,50.00,"229,380.00"
1738,2016-11-20,"5,000.00","4,900.00","4,700.00","4,700.00",0.0,41.00,"195,800.00"
1739,2016-11-15,"5,280.00","5,175.00","5,000.00","5,000.00",0.0,150.00,"754,910.00"
1740,2016-11-14,"5,096.00","5,280.00","5,197.00","5,280.00",0.0,150.00,"782,050.00"
1741,2016-10-20,"5,200.00","5,096.00","5,096.00","5,096.00",0.0,20.00,"101,920.00"
1742,2016-10-19,"5,300.00","5,200.00","5,200.00","5,200.00",0.0,20.00,"104,000.00"
1743,2016-10-05,"5,200.00","5,300.00","5,300.00","5,300.00",0.0,10.00,"53,000.00"
1744,2016-10-03,"5,097.00","5,200.00","5,150.00","5,200.00",0.0,60.00,"310,960.00"
1745,2016-09-29,"4,831.00","5,097.00","4,831.00","5,097.00",0.0,140.00,"682,050.00"
1746,2016-09-28,"5,126.00","5,024.00","4,831.00","4,831.00",0.0,80.00,"394,820.00"
1747,2016-09-27,"5,555.00","5,444.00","5,126.00","5,126.00",0.0,60.00,"314,920.00"
1748,2016-09-25,"5,662.00","5,555.00","5,555.00","5,555.00",0.0,10.00,"55,550.00"
1749,2016-09-14,"5,551.00","5,662.00","5,662.00","5,662.00",0.0,50.00,"283,100.00"
1750,2016-09-07,"5,664.00","5,551.00","5,551.00","5,551.00",0.0,40.00,"222,040.00"
1751,2016-09-06,"5,896.00","5,779.00","5,664.00","5,664.00",0.0,50.00,"284,350.00"
1752,2016-09-05,"6,390.00","6,263.00","5,896.00","5,896.00",0.0,70.00,"423,630.00"
1753,2016-09-04,"6,520.00","6,390.00","6,390.00","6,390.00",0.0,30.00,"191,700.00"
1754,2016-09-03,"6,520.00","6,390.00","6,390.00","6,390.00",0.0,30.00,"191,700.00"
1755,2016-09-01,"6,650.00","6,655.00","6,520.00","6,520.00",0.0,60.00,"396,450.00"
1756,2016-08-31,"6,384.00","6,650.00","6,510.00","6,650.00",0.0,40.00,"264,300.00"
1757,2016-08-30,"5,830.00","6,412.00","5,946.00","6,384.00",0.0,130.00,"819,790.00"
1758,2016-08-29,"5,300.00","5,830.00","5,406.00","5,830.00",0.0,170.00,"971,690.00"
1759,2016-08-28,"5,182.00","5,390.00","5,285.00","5,300.00",0.0,"2,070.00","10,975,220.00"
1760,2016-08-24,"5,082.00","5,182.00","5,182.00","5,182.00",0.0,30.00,"155,460.00"
1761,2016-08-23,"5,292.00","5,188.00","4,983.00","5,082.00",0.0,190.00,"963,100.00"
1762,2016-08-22,"5,720.00","5,608.00","5,292.00","5,292.00",0.0,733.00,"3,942,316.00"
1763,2016-08-21,"6,198.00","6,078.00","5,720.00","5,720.00",0.0,120.00,"706,520.00"
1764,2016-08-17,"6,324.00","6,198.00","6,198.00","6,198.00",0.0,10.00,"61,980.00"
1765,2016-08-16,"6,200.00","6,324.00","6,324.00","6,324.00",0.0,10.00,"63,240.00"
1766,2016-08-11,"6,292.00","6,550.00","6,200.00","6,200.00",0.0,450.00,"2,872,690.00"
1767,2016-08-10,"5,931.00","6,292.00","6,049.00","6,292.00",0.0,30.00,"185,100.00"
1768,2016-08-08,"6,301.00","6,200.00","5,931.00","5,931.00",0.0,200.00,"1,197,890.00"
1769,2016-08-07,"7,001.00","7,141.00","6,301.00","6,301.00",0.0,210.00,"1,397,710.00"
1770,2016-08-04,"7,243.00","7,099.00","6,958.00","7,001.00",0.0,110.00,"772,290.00"
1771,2016-08-03,"7,850.00","7,693.00","7,243.00","7,243.00",0.0,80.00,"594,260.00"
1772,2016-08-02,"7,351.00","7,850.00","7,498.00","7,850.00",0.0,150.00,"1,152,940.00"
1773,2016-08-01,"7,948.00","7,790.00","7,351.00","7,351.00",0.0,250.00,"1,880,760.00"
1774,2016-07-31,"7,964.00","7,948.00","7,202.00","7,948.00",0.0,260.00,"1,954,130.00"
1775,2016-07-28,"8,848.00","8,672.00","7,964.00","7,964.00",0.0,130.00,"1,053,790.00"
1776,2016-07-27,"8,505.00","8,848.00","8,675.00","8,848.00",0.0,60.00,"527,260.00"
1777,2016-07-26,"9,449.00","9,261.00","8,505.00","8,505.00",0.0,70.00,"615,040.00"
1778,2016-07-25,"9,402.00","9,999.00","9,400.00","9,449.00",0.0,340.00,"3,336,840.00"
1779,2016-07-21,"8,548.00","9,402.00","8,718.00","9,402.00",0.0,930.00,"8,727,030.00"
1780,2016-07-20,"7,771.00","8,548.00","7,926.00","8,548.00",0.0,95.00,"796,780.00"
1781,2016-07-19,"7,181.00","7,771.00","7,324.00","7,771.00",0.0,40.00,"301,840.00"
1782,2016-07-18,"6,529.00","7,181.00","6,659.00","7,181.00",0.0,50.00,"346,240.00"
1783,2016-07-17,"5,936.00","6,529.00","6,054.00","6,529.00",0.0,"1,010.00","6,582,630.00"
1784,2016-07-14,"5,486.00","5,936.00","5,595.00","5,936.00",0.0,40.00,"230,570.00"
1785,2016-07-13,"4,988.00","5,486.00","5,087.00","5,486.00",0.0,90.00,"467,960.00"
1786,2016-07-12,"4,535.00","4,988.00","4,625.00","4,988.00",0.0,"1,490.00","7,415,910.00"
1787,2016-07-11,"4,123.00","4,535.00","4,205.00","4,535.00",0.0,50.00,"218,640.00"
1788,2016-07-10,"4,043.00","4,123.00","4,123.00","4,123.00",0.0,500.00,"2,061,500.00"
1789,2016-07-06,"3,737.00","4,043.00","3,811.00","4,043.00",0.0,50.00,"195,920.00"
1790,2016-07-05,"3,398.00","3,737.00","3,465.00","3,737.00",0.0,90.00,"321,520.00"
1791,2016-06-29,"3,333.00","3,398.00","3,398.00","3,398.00",0.0,"1,000.00","3,398,000.00"
1792,2016-06-28,"3,268.00","3,333.00","3,333.00","3,333.00",0.0,10.00,"33,330.00"
1793,2016-06-27,"3,204.00","3,268.00","3,268.00","3,268.00",0.0,10.00,"32,680.00"
1794,2016-06-23,"3,081.00","3,204.00","3,142.00","3,204.00",0.0,20.00,"63,460.00"
1795,2016-06-19,"3,021.00","3,081.00","3,081.00","3,081.00",0.0,10.00,"30,810.00"
1796,2016-06-16,"2,904.00","3,021.00","2,962.00","3,021.00",0.0,600.00,"1,783,100.00"
1797,2016-06-15,"2,640.00","2,904.00","2,692.00","2,904.00",0.0,150.00,"430,340.00"
1798,2016-06-14,"2,400.00","2,640.00","2,448.00","2,640.00",0.0,140.00,"364,840.00"
1799,2016-05-23,"2,353.00","2,415.00","2,400.00","2,400.00",0.0,"1,131.00","2,715,900.00"
1800,2016-01-12,"2,401.00","2,370.00","2,353.00","2,353.00",0.0,20.00,"47,230.00"
1801,2015-12-13,"2,450.00","2,401.00","2,401.00","2,401.00",0.0,500.00,"1,200,500.00"
1802,2015-09-28,"2,500.00","2,450.00","2,450.00","2,450.00",0.0,50.00,"122,500.00"
1803,2015-09-24,"2,544.00","2,500.00","2,500.00","2,500.00",0.0,"1,000.00","2,500,000.00"
1804,2015-09-23,"2,392.00","2,544.00","2,400.00","2,544.00",0.0,"1,400.00","3,385,450.00"
1805,2015-09-22,"2,346.00","2,392.00","2,392.00","2,392.00",0.0,10.00,"23,920.00"
1806,2015-09-16,"2,335.00","2,346.00","2,300.00","2,346.00",0.0,"1,050.00","2,419,800.00"
1807,2015-09-15,"2,247.00","2,382.00","2,291.00","2,335.00",0.0,"3,600.00","8,436,300.00"
1808,2015-09-14,"2,203.00","2,247.00","2,247.00","2,247.00",0.0,46.00,"103,362.00"
1809,2015-08-18,"2,247.00","2,203.00","2,203.00","2,203.00",0.0,10.00,"22,030.00"
1810,2015-08-13,"2,203.00","2,247.00","2,247.00","2,247.00",0.0,10.00,"22,470.00"
1811,2015-08-09,"2,160.00","2,203.00","2,203.00","2,203.00",0.0,100.00,"220,300.00"
1812,2015-07-28,"2,200.00","2,160.00","2,160.00","2,160.00",0.0,50.00,"108,000.00"
1813,2015-07-27,"2,209.00","2,200.00","2,200.00","2,200.00",0.0,70.00,"154,000.00"
1814,2015-04-12,"2,254.00","2,230.00","2,209.00","2,209.00",0.0,170.00,"378,890.00"
1815,2015-04-07,"2,345.00","2,299.00","2,254.00","2,254.00",0.0,20.00,"45,530.00"
1816,2015-04-06,"2,303.00","2,345.00","2,345.00","2,345.00",0.0,100.00,"234,500.00"
1817,2015-03-16,"2,304.00","2,350.00","2,303.00","2,303.00",0.0,170.00,"391,980.00"
1818,2015-02-10,"2,380.00","2,370.00","2,304.00","2,304.00",0.0,245.00,"572,790.00"
1819,2015-02-08,"2,334.00","2,380.00","2,380.00","2,380.00",0.0,10.00,"23,800.00"
1820,2015-02-05,"2,122.00","2,334.00","2,164.00","2,334.00",0.0,140.00,"322,580.00"
1821,2015-02-04,"1,962.00","2,122.00","2,001.00","2,122.00",0.0,40.00,"82,450.00"
1822,2015-02-03,"1,850.00","1,962.00","1,887.00","1,962.00",0.0,30.00,"57,730.00"
1823,2015-02-02,"1,835.00","1,850.00","1,850.00","1,850.00",0.0,50.00,"92,500.00"
1824,2014-12-23,"1,825.00","1,835.00","1,835.00","1,835.00",0.0,100.00,"183,500.00"
1825,2014-11-17,"1,825.00","1,825.00","1,825.00","1,825.00",0.0,100.00,"182,500.00"
1826,2014-11-10,"1,755.00","1,825.00","1,790.00","1,825.00",0.0,"4,000.00","7,298,250.00"
1827,2014-11-09,"1,825.00","1,789.00","1,755.00","1,755.00",0.0,100.00,"177,200.00"
1828,2014-10-12,"1,850.00","1,825.00","1,825.00","1,825.00",0.0,50.00,"91,250.00"
1829,2014-09-24,"1,854.00","1,850.00","1,850.00","1,850.00",0.0,100.00,"185,000.00"
1830,2014-09-17,"1,818.00","1,854.00","1,850.00","1,854.00",0.0,100.00,"185,200.00"
1831,2014-09-15,"1,783.00","1,818.00","1,818.00","1,818.00",0.0,50.00,"90,900.00"
1832,2014-09-14,"1,749.00","1,783.00","1,783.00","1,783.00",0.0,50.00,"89,150.00"
1833,2014-09-10,"1,715.00","1,749.00","1,715.00","1,749.00",0.0,315.00,"541,925.00"
1834,2014-09-07,"1,725.00","1,715.00","1,715.00","1,715.00",0.0,238.00,"408,170.00"
1835,2014-08-28,"1,710.00","1,725.00","1,725.00","1,725.00",0.0,"1,000.00","1,725,000.00"
1836,2014-08-27,"1,678.00","1,710.00","1,710.00","1,710.00",0.0,101.00,"172,710.00"
1837,2014-08-21,"1,646.00","1,678.00","1,678.00","1,678.00",0.0,"2,000.00","3,356,000.00"
1838,2014-06-09,"1,713.00","1,679.00","1,646.00","1,646.00",0.0,500.00,"829,600.00"
1839,2014-03-13,"1,680.00","1,713.00","1,713.00","1,713.00",0.0,25.00,"42,825.00"
1840,2014-03-13,"1,680.00","1,713.00","1,713.00","1,713.00",0.0,25.00,"42,825.00"
1841,2014-03-10,"1,714.00","1,680.00","1,680.00","1,680.00",0.0,50.00,"84,000.00"
1842,2014-02-12,"1,681.00","1,714.00","1,680.00","1,714.00",0.0,145.00,"246,050.00"
1843,2014-02-11,"1,715.00","1,681.00","1,681.00","1,681.00",0.0,100.00,"168,100.00"
1844,2014-02-03,"1,715.00","1,715.00","1,715.00","1,715.00",0.0,300.00,"514,500.00"
1845,2014-01-29,"1,750.00","1,715.00","1,715.00","1,715.00",0.0,20.00,"34,300.00"
1846,2014-01-09,"1,720.00","1,750.00","1,725.00","1,750.00",0.0,100.00,"173,750.00"
1847,2014-01-08,"1,716.00","1,720.00","1,720.00","1,720.00",0.0,101.00,"173,720.00"
1848,2014-01-06,"1,751.00","1,716.00","1,716.00","1,716.00",0.0,"2,000.00","3,432,000.00"
1849,2013-11-25,"1,785.00","1,785.00","1,751.00","1,751.00",0.0,"2,000.00","3,568,300.00"
1850,2013-11-24,"1,750.00","1,785.00","1,785.00","1,785.00",0.0,100.00,"178,500.00"
1851,2013-11-14,"1,750.00","1,750.00","1,750.00","1,750.00",0.0,100.00,"175,000.00"
1852,2013-11-11,"1,750.00","1,750.00","1,750.00","1,750.00",0.0,50.00,"87,500.00"
1853,2013-11-07,"1,716.00","1,750.00","1,716.00","1,750.00",0.0,"2,010.00","3,449,500.00"
1854,2013-10-30,"1,683.00","1,716.00","1,716.00","1,716.00",0.0,10.00,"17,160.00"
1855,2013-10-29,"1,650.00","1,683.00","1,683.00","1,683.00",0.0,100.00,"168,300.00"
1856,2013-10-28,"1,618.00","1,650.00","1,650.00","1,650.00",0.0,50.00,"82,500.00"
1857,2013-10-27,"1,471.00","1,618.00","1,500.00","1,618.00",0.0,500.00,"779,900.00"
1858,2013-10-24,"1,415.00","1,471.00","1,443.00","1,471.00",0.0,400.00,"582,800.00"
1859,2013-10-08,"1,361.00","1,415.00","1,388.00","1,415.00",0.0,310.00,"435,680.00"
1860,2013-10-07,"1,238.00","1,361.00","1,262.00","1,361.00",0.0,450.00,"587,950.00"
1861,2013-10-06,"1,126.00","1,238.00","1,148.00","1,238.00",0.0,"1,490.00","1,790,620.00"
1862,2013-10-01,"1,144.00","1,126.00","1,126.00","1,126.00",0.0,10.00,"11,260.00"
1863,2013-09-26,"1,263.00","1,238.00","1,144.00","1,144.00",0.0,50.00,"59,530.00"
1864,2013-09-22,"1,394.00","1,367.00","1,263.00","1,263.00",0.0,400.00,"518,050.00"
1865,2013-08-04,"1,341.00","1,394.00","1,367.00","1,394.00",0.0,38.00,"52,702.00"
1866,2013-07-18,"1,315.00","1,341.00","1,341.00","1,341.00",0.0,10.00,"13,410.00"
1867,2013-07-15,"1,315.00","1,315.00","1,315.00","1,315.00",0.0,500.00,"657,500.00"
1868,2013-07-02,"1,315.00","1,315.00","1,315.00","1,315.00",0.0,486.00,"639,090.00"
1869,2013-06-19,"1,305.00","1,315.00","1,315.00","1,315.00",0.0,202.00,"265,630.00"
1870,2013-06-16,"1,290.00","1,305.00","1,305.00","1,305.00",0.0,700.00,"913,500.00"
1871,2013-06-04,"1,290.00","1,290.00","1,290.00","1,290.00",0.0,20.00,"25,800.00"
1872,2013-05-09,"1,286.00","1,290.00","1,290.00","1,290.00",0.0,20.00,"25,800.00"
1873,2013-03-27,"1,237.00","1,286.00","1,261.00","1,286.00",0.0,20.00,"25,470.00"
1874,2013-03-20,"1,213.00","1,237.00","1,237.00","1,237.00",0.0,28.00,"34,636.00"
1875,2013-03-06,"1,190.00","1,213.00","1,213.00","1,213.00",0.0,10.00,"12,130.00"
1876,2013-02-07,"1,189.00","1,190.00","1,190.00","1,190.00",0.0,40.00,"47,600.00"
1877,2013-01-20,"1,166.00","1,189.00","1,189.00","1,189.00",0.0,10.00,"11,890.00"
1878,2013-01-08,"1,144.00","1,166.00","1,166.00","1,166.00",0.0,101.00,"117,766.00"
1879,2012-12-27,"1,100.00","1,144.00","1,100.00","1,144.00",0.0,100.00,"111,320.00"
1880,2012-12-16,"1,079.00","1,100.00","1,100.00","1,100.00",0.0,100.00,"110,000.00"
1881,2012-12-13,"1,058.00","1,079.00","1,079.00","1,079.00",0.0,50.00,"53,950.00"
1882,2012-12-04,"1,038.00","1,058.00","1,018.00","1,058.00",0.0,120.00,"124,560.00"
1883,2012-12-02,"1,018.00","1,038.00","1,018.00","1,038.00",0.0,100.00,"102,800.00"
1884,2012-09-11,"1,000.00","1,018.00","1,018.00","1,018.00",0.0,30.00,"30,540.00"
1885,2011-12-11,"1,000.00","1,000.00","1,000.00","1,000.00",0.0,20.00,"20,000.00"
1886,2011-12-07,989.00,"1,000.00","1,000.00","1,000.00",0.0,100.00,"100,000.00"
1887,2011-11-17,989.00,989.00,989.00,989.00,0.0,30.00,"29,670.00"
1888,2011-07-11,958.00,989.00,970.00,989.00,0.0,150.00,"146,450.00"
1889,2011-07-06,887.00,958.00,904.00,958.00,0.0,200.00,"186,200.00"
1890,2011-07-05,853.00,887.00,870.00,887.00,0.0,100.00,"87,850.00"
1891,2011-07-04,805.00,853.00,821.00,853.00,0.0,150.00,"125,550.00"
1892,2011-07-03,775.00,805.00,790.00,805.00,0.0,100.00,"79,750.00"
1893,2011-06-12,775.00,775.00,775.00,775.00,0.0,20.00,"15,500.00"
1894,2011-04-27,745.00,775.00,759.00,775.00,0.0,70.00,"53,790.00"
1895,2011-03-25,760.00,745.00,745.00,745.00,0.0,130.00,"96,850.00"
